#! FIELDS dist fes_dist dfes_dist_dist
#! SET normalisation    1.0000000000000000e+00
#! SET min_dist 0.2
#! SET max_dist 0.9
#! SET nbins_dist  200
#! SET periodic_dist false
   2.0000000000000001e-01                      inf   0.0000000000000000e+00
   2.0350000000000001e-01                      inf   0.0000000000000000e+00
   2.0700000000000002e-01                      inf   0.0000000000000000e+00
   2.1050000000000002e-01                      inf   0.0000000000000000e+00
   2.1400000000000002e-01                      inf   0.0000000000000000e+00
   2.1750000000000000e-01   6.9681390205491311e+01  -3.0960978244874977e+03
   2.2100000000000000e-01   5.9585787328798467e+01  -2.5904731396912107e+03
   2.2450000000000001e-01   5.0790332916408602e+01  -2.2913263518120143e+03
   2.2800000000000001e-01   4.2738989498147959e+01  -2.2101983279286496e+03
   2.3150000000000001e-01   3.5097420408213395e+01  -2.0799310554519211e+03
   2.3500000000000001e-01   2.8257533106822894e+01  -1.8048881583802915e+03
   2.3849999999999999e-01   2.2450146603941832e+01  -1.5176052996897117e+03
   2.4199999999999999e-01   1.7557014073405323e+01  -1.2890605859881543e+03
   2.4550000000000000e-01   1.3365830007545629e+01  -1.1104590979856955e+03
   2.4900000000000000e-01   9.7791821099051432e+00  -9.3637866746726638e+02
   2.5250000000000000e-01   6.8382780809558739e+00  -7.4067304151187989e+02
   2.5600000000000001e-01   4.5974430257448144e+00  -5.4368911227464002e+02
   2.5950000000000001e-01   2.9740747600868929e+00  -3.9525795592331093e+02
   2.6300000000000001e-01   1.7588014855868259e+00  -3.0553757209349641e+02
   2.6650000000000001e-01   8.3185991157463945e-01  -2.1985760211442104e+02
   2.7000000000000002e-01   2.5074283713260925e-01  -1.1131339192361911e+02
   2.7350000000000002e-01   1.7823693203233404e-02  -3.0536262666464420e+01
   2.7700000000000002e-01   0.0000000000000000e+00   2.2278860636825314e+01
   2.8049999999999997e-01   2.2051346957129425e-01   1.0947857650010384e+02
   2.8400000000000003e-01   7.5772398764496529e-01   1.8917319514153633e+02
   2.8749999999999998e-01   1.4697289657747685e+00   2.0824766773949301e+02
   2.9100000000000004e-01   2.1796450439057917e+00   1.9627650050032364e+02
   2.9449999999999998e-01   2.8557033806451990e+00   1.9286375383275200e+02
   2.9799999999999999e-01   3.5423098104938866e+00   1.9895269018222794e+02
   3.0149999999999999e-01   4.2372030348914134e+00   1.9679918009419808e+02
   3.0499999999999999e-01   4.9298757215333477e+00   2.0309746603260714e+02
   3.0850000000000000e-01   5.7006444921206967e+00   2.4335917490002078e+02
   3.1200000000000000e-01   6.6525056496434747e+00   2.9611627030264242e+02
   3.1550000000000000e-01   7.6764220763426536e+00   2.6868731038924227e+02
   3.1900000000000001e-01   8.4463945340679647e+00   1.7368474250604694e+02
   3.2250000000000001e-01   8.9838984783944849e+00   1.4719360289464998e+02
   3.2600000000000001e-01   9.5207746768448427e+00   1.5755164203083598e+02
   3.2950000000000002e-01   1.0047952132097826e+01   1.3886255591467219e+02
   3.3299999999999996e-01   1.0505711644794641e+01   1.3065518910565336e+02
   3.3650000000000002e-01   1.1015075079427319e+01   1.6203706473384690e+02
   3.3999999999999997e-01   1.1606902308945934e+01   1.6915101084586294e+02
   3.4350000000000003e-01   1.2170549089872017e+01   1.4970167640416116e+02
   3.4699999999999998e-01   1.2612078491472868e+01   9.6133853502211224e+01
   3.5050000000000003e-01   1.2855290060304826e+01   5.2195127247179116e+01
   3.5399999999999998e-01   1.3030886723840105e+01   4.9129794286865739e+01
   3.5749999999999998e-01   1.3180481447331289e+01   3.4028722276811706e+01
   3.6099999999999999e-01   1.3267691397399494e+01   1.5593354731669034e+01
   3.6449999999999999e-01   1.3274859647254225e+01  -1.5522036360539573e+01
   3.6799999999999999e-01   1.3124040739925359e+01  -7.5170763668318742e+01
   3.7150000000000000e-01   1.2763278873404843e+01  -1.1926682801077142e+02
   3.7500000000000000e-01   1.2398218372923385e+01  -7.8894336349154656e+01
   3.7850000000000000e-01   1.2197208253779220e+01  -4.7481383372489361e+01
   3.8200000000000001e-01   1.2003537620875839e+01  -6.3408478902494522e+01
   3.8549999999999995e-01   1.1790119278919397e+01  -5.5092483975379963e+01
   3.8900000000000001e-01   1.1588410456999480e+01  -7.0146323730453119e+01
   3.9249999999999996e-01   1.1252815023473268e+01  -1.1902383603841002e+02
   3.9600000000000002e-01   1.0832180500529470e+01  -1.0927987254632987e+02
   3.9949999999999997e-01   1.0508087852279074e+01  -8.3562174952346084e+01
   4.0300000000000002e-01   1.0174281461475337e+01  -1.1277493961455718e+02
   4.0649999999999997e-01   9.7435162085398552e+00  -1.2435275617704131e+02
   4.0999999999999998e-01   9.3499656075718498e+00  -9.9718087630188165e+01
   4.1349999999999998e-01   9.0148165298820651e+00  -9.7906740821360160e+01
   4.1699999999999998e-01   8.6464037562290397e+00  -1.1142325207812596e+02
   4.2049999999999998e-01   8.2398944428439620e+00  -1.2319207441595087e+02
   4.2399999999999999e-01   7.7645164398287374e+00  -1.4707099986267221e+02
   4.2749999999999999e-01   7.2635230563377657e+00  -1.2980908316043929e+02
   4.3099999999999999e-01   6.8780458632302999e+00  -9.5419767189205785e+01
   4.3450000000000000e-01   6.5348259522343355e+00  -1.0770457600435239e+02
   4.3800000000000000e-01   6.1287228241818053e+00  -1.1568447928979944e+02
   4.4150000000000000e-01   5.8052813718843677e+00  -6.0904065090040291e+01
   4.4499999999999995e-01   5.6865234782461123e+00  -2.0433022212798974e+01
   4.4850000000000001e-01   5.5523242128622829e+00  -6.4120924148325159e+01
   4.5200000000000001e-01   5.2815248381229392e+00  -7.6278803221383129e+01
   4.5549999999999996e-01   5.0835470287651159e+00  -3.7602821886778230e+01
   4.5899999999999996e-01   4.9447144725062255e+00  -5.7431786007374747e+01
   4.6249999999999997e-01   4.6213398236890804e+00  -1.2204807790303292e+02
   4.6599999999999997e-01   4.2000977534287358e+00  -1.0244601907863705e+02
   4.6949999999999997e-01   3.9485635270920252e+00  -4.5480350116826969e+01
   4.7299999999999998e-01   3.8197218984742420e+00  -3.6201203248395963e+01
   4.7649999999999998e-01   3.6841354444721741e+00  -3.6244837616877604e+01
   4.7999999999999998e-01   3.6147732401266062e+00   1.2251301982959457e+00
   4.8349999999999999e-01   3.6829093718256622e+00   3.0087295462388074e+01
   4.8699999999999999e-01   3.7493700392763838e+00  -2.4461934219688239e+00
   4.9049999999999999e-01   3.6418488453116904e+00  -5.4038109304998216e+01
   4.9399999999999999e-01   3.4346259537165942e+00  -5.6141850334192405e+01
   4.9750000000000000e-01   3.2740062873976736e+00  -3.6247587274466568e+01
   5.0100000000000000e-01   3.1701232855686960e+00  -2.3779948309019399e+01
   5.0449999999999995e-01   3.1123728393856815e+00  -8.4670144421890114e+00
   5.0800000000000001e-01   3.1030019820899426e+00  -5.2008037779112659e-01
   5.1149999999999995e-01   3.0773740148636772e+00  -1.6909403840158824e+01
   5.1499999999999990e-01   2.9959395958050017e+00  -2.4915831432567042e+01
   5.1849999999999996e-01   2.9270634775057278e+00  -1.4054389381934008e+01
   5.2200000000000002e-01   2.8853564028425414e+00  -1.2479720424682087e+01
   5.2549999999999997e-01   2.8289249391812401e+00  -1.8283827021286434e+01
   5.2899999999999991e-01   2.7974906948243561e+00   7.2426033410280022e+00
   5.3249999999999997e-01   2.8798440511365495e+00   2.9350472529792036e+01
   5.3600000000000003e-01   2.8960638095944624e+00  -2.9757162783374387e+01
   5.3949999999999998e-01   2.7146616735721949e+00  -5.6149092894510240e+01
   5.4299999999999993e-01   2.6131972305030100e+00   5.8888054575898661e+00
   5.4649999999999999e-01   2.7442565756701605e+00   5.9397937556757959e+01
   5.5000000000000004e-01   2.9378074819986910e+00   3.9640716338567437e+01
   5.5349999999999999e-01   3.0057455469949552e+00   7.1077591088144105e+00
   5.5699999999999994e-01   3.0648617768403810e+00   3.4492486875552856e+01
   5.6050000000000000e-01   3.2573410809340722e+00   7.2188530893112286e+01
   5.6400000000000006e-01   3.5359496694601180e+00   8.0697694439929307e+01
   5.6749999999999989e-01   3.7685568291367630e+00   4.5126646521266927e+01
   5.7099999999999995e-01   3.8479945706345848e+00   7.8273733258522125e+00
   5.7450000000000001e-01   3.8980974436482274e+00   2.8717081234009427e+01
   5.7799999999999996e-01   4.0516569604352526e+00   5.2392352865150521e+01
   5.8149999999999991e-01   4.2066171001601997e+00   3.0098669235518742e+01
   5.8499999999999996e-01   4.2573376352612762e+00   3.1242038984087359e+00
   5.8850000000000002e-01   4.2807890743357557e+00   1.8631133437682593e+01
   5.9199999999999997e-01   4.4204334674421730e+00   5.9466617463256014e+01
   5.9549999999999992e-01   4.6431273947073937e+00   5.6895951502189924e+01
   5.9899999999999998e-01   4.7581642292088446e+00   5.0399129909256155e+00
   6.0250000000000004e-01   4.7027770709788523e+00  -2.6344336064831889e+01
   6.0599999999999998e-01   4.6595223930645773e+00   1.0721684311757389e+01
   6.0949999999999993e-01   4.7961809741057877e+00   6.4977695896893067e+01
   6.1299999999999999e-01   5.0941397342140995e+00   1.0299591626164155e+02
   6.1650000000000005e-01   5.4969949995381633e+00   1.2342414571106558e+02
   6.1999999999999988e-01   5.9492221127053178e+00   1.3798533666021194e+02
   6.2349999999999994e-01   6.4910755670494744e+00   1.7150214463442703e+02
   6.2700000000000000e-01   7.1022339342092220e+00   1.6831602647323646e+02
   6.3049999999999995e-01   7.6585102790379729e+00   1.5808034259654031e+02
   6.3399999999999990e-01   8.2862524493051950e+00   2.0695105435974259e+02
   6.3749999999999996e-01   9.1071630536935171e+00   2.5975551376081717e+02
   6.4100000000000001e-01   1.0117822602423642e+01   3.2340456367816597e+02
   6.4449999999999996e-01   1.1397489540919114e+01   4.0509094186117619e+02
   6.4799999999999991e-01   1.2880693124319848e+01   4.2688536408592677e+02
   6.5149999999999997e-01   1.4309355684912939e+01   3.8755468755637418e+02
   6.5500000000000003e-01   1.5630058860850140e+01   3.7152883446969992e+02
   6.5849999999999997e-01   1.6911388508602730e+01   3.5917930168883072e+02
   6.6199999999999992e-01   1.8180054040200666e+01   3.7564624325941276e+02
   6.6549999999999998e-01   1.9608147552163633e+01   4.4443113510228886e+02
   6.6900000000000004e-01   2.1282447367127045e+01   5.0631679635640427e+02
   6.7249999999999999e-01   2.3105632300376108e+01   5.2748565396997776e+02
   6.7599999999999993e-01   2.4945945956197441e+01   5.2577468976423643e+02
   6.7949999999999999e-01   2.6857277952759350e+01   5.7739596751727447e+02
   6.8299999999999994e-01   2.9032175335683398e+01   6.6392906210795138e+02
   6.8649999999999989e-01   3.1495327248174746e+01   7.4098362691114914e+02
   6.8999999999999995e-01   3.4198947463301245e+01   7.9212600791472130e+02
   6.9350000000000001e-01   3.6906281556145757e+01   7.2709810985424406e+02
   6.9699999999999995e-01   3.9183757184145875e+01   5.8043460210671719e+02
   7.0049999999999990e-01   4.1224239113490661e+01   6.2506299304595893e+02
   7.0399999999999996e-01   4.3733516504547211e+01   8.1191250732910339e+02
   7.0750000000000002e-01   4.6941771473893922e+01   1.0292409352196262e+03
   7.1099999999999985e-01   5.1108469386090221e+01   1.3751512716374859e+03
   7.1449999999999991e-01   5.6740859094826682e+01   1.8338146882211245e+03
   7.1799999999999997e-01   6.4100165073768295e+01   2.3538761858981202e+03
   7.2150000000000003e-01                      inf   0.0000000000000000e+00
   7.2499999999999987e-01                      inf   0.0000000000000000e+00
   7.2849999999999993e-01                      inf   0.0000000000000000e+00
   7.3199999999999998e-01                      inf   0.0000000000000000e+00
   7.3550000000000004e-01                      inf   0.0000000000000000e+00
   7.3899999999999988e-01                      inf   0.0000000000000000e+00
   7.4249999999999994e-01                      inf   0.0000000000000000e+00
   7.4600000000000000e-01                      inf   0.0000000000000000e+00
   7.4950000000000006e-01                      inf   0.0000000000000000e+00
   7.5299999999999989e-01                      inf   0.0000000000000000e+00
   7.5649999999999995e-01                      inf   0.0000000000000000e+00
   7.6000000000000001e-01                      inf   0.0000000000000000e+00
   7.6349999999999985e-01                      inf   0.0000000000000000e+00
   7.6699999999999990e-01                      inf   0.0000000000000000e+00
   7.7049999999999996e-01                      inf   0.0000000000000000e+00
   7.7400000000000002e-01                      inf   0.0000000000000000e+00
   7.7749999999999986e-01                      inf   0.0000000000000000e+00
   7.8099999999999992e-01                      inf   0.0000000000000000e+00
   7.8449999999999998e-01                      inf   0.0000000000000000e+00
   7.8800000000000003e-01                      inf   0.0000000000000000e+00
   7.9149999999999987e-01                      inf   0.0000000000000000e+00
   7.9499999999999993e-01                      inf   0.0000000000000000e+00
   7.9849999999999999e-01                      inf   0.0000000000000000e+00
   8.0200000000000005e-01                      inf   0.0000000000000000e+00
   8.0549999999999988e-01                      inf   0.0000000000000000e+00
   8.0899999999999994e-01                      inf   0.0000000000000000e+00
   8.1250000000000000e-01                      inf   0.0000000000000000e+00
   8.1599999999999984e-01                      inf   0.0000000000000000e+00
   8.1949999999999990e-01                      inf   0.0000000000000000e+00
   8.2299999999999995e-01                      inf   0.0000000000000000e+00
   8.2650000000000001e-01                      inf   0.0000000000000000e+00
   8.2999999999999985e-01                      inf   0.0000000000000000e+00
   8.3349999999999991e-01                      inf   0.0000000000000000e+00
   8.3699999999999997e-01                      inf   0.0000000000000000e+00
   8.4050000000000002e-01                      inf   0.0000000000000000e+00
   8.4399999999999986e-01                      inf   0.0000000000000000e+00
   8.4749999999999992e-01                      inf   0.0000000000000000e+00
   8.5099999999999998e-01                      inf   0.0000000000000000e+00
   8.5450000000000004e-01                      inf   0.0000000000000000e+00
   8.5799999999999987e-01                      inf   0.0000000000000000e+00
   8.6149999999999993e-01                      inf   0.0000000000000000e+00
   8.6499999999999999e-01                      inf   0.0000000000000000e+00
   8.6850000000000005e-01                      inf   0.0000000000000000e+00
   8.7199999999999989e-01                      inf   0.0000000000000000e+00
   8.7549999999999994e-01                      inf   0.0000000000000000e+00
   8.7900000000000000e-01                      inf   0.0000000000000000e+00
   8.8249999999999984e-01                      inf   0.0000000000000000e+00
   8.8599999999999990e-01                      inf   0.0000000000000000e+00
   8.8949999999999996e-01                      inf   0.0000000000000000e+00
   8.9300000000000002e-01                      inf   0.0000000000000000e+00
   8.9649999999999985e-01                      inf   0.0000000000000000e+00
   8.9999999999999991e-01                      inf   0.0000000000000000e+00
