#! FIELDS coord projection
#! SET min_coord 2.5
#! SET max_coord 7.5
#! SET nbins_coord  301
#! SET periodic_coord false
    2.500000000   16.033430088
    2.516666667   17.476770873
    2.533333333   18.882327639
    2.550000000   20.215347361
    2.566666667   21.447898353
    2.583333333   22.556493138
    2.600000000   23.508032938
    2.616666667   24.269254637
    2.633333333   24.809323645
    2.650000000   25.115039935
    2.666666667   25.198350105
    2.683333333   25.077541366
    2.700000000   24.777964646
    2.716666667   24.324151468
    2.733333333   23.734338679
    2.750000000   23.034036853
    2.766666667   22.253642426
    2.783333333   21.414592356
    2.800000000   20.534474561
    2.816666667   19.626963440
    2.833333333   18.704831714
    2.850000000   17.792996295
    2.866666667   16.917088678
    2.883333333   16.097699492
    2.900000000   15.348933437
    2.916666667   14.670374414
    2.933333333   14.057457884
    2.950000000   13.507166819
    2.966666667   13.013472167
    2.983333333   12.568037308
    3.000000000   12.160644536
    3.016666667   11.780703700
    3.033333333   11.426364670
    3.050000000   11.100446523
    3.066666667   10.806636498
    3.083333333   10.548301291
    3.100000000   10.322169693
    3.116666667   10.124551866
    3.133333333    9.954653587
    3.150000000    9.810708614
    3.166666667    9.692175778
    3.183333333    9.598174895
    3.200000000    9.526451332
    3.216666667    9.476862223
    3.233333333    9.450726349
    3.250000000    9.449329026
    3.266666667    9.472691001
    3.283333333    9.518105231
    3.300000000    9.581554189
    3.316666667    9.658989723
    3.333333333    9.746284097
    3.350000000    9.839763808
    3.366666667    9.935721326
    3.383333333   10.030035578
    3.400000000   10.119489430
    3.416666667   10.201759378
    3.433333333   10.274865637
    3.450000000   10.336926513
    3.466666667   10.386010716
    3.483333333   10.420300037
    3.500000000   10.438275500
    3.516666667   10.438233927
    3.533333333   10.417750839
    3.550000000   10.374735777
    3.566666667   10.307394995
    3.583333333   10.213593620
    3.600000000   10.092294159
    3.616666667    9.942466237
    3.633333333    9.763040885
    3.650000000    9.554766056
    3.666666667    9.319858431
    3.683333333    9.060625894
    3.700000000    8.779704428
    3.716666667    8.479970962
    3.733333333    8.163926982
    3.750000000    7.834696784
    3.766666667    7.495647605
    3.783333333    7.149516871
    3.800000000    6.798933337
    3.816666667    6.446253258
    3.833333333    6.094400313
    3.850000000    5.747171165
    3.866666667    5.408196859
    3.883333333    5.080432945
    3.900000000    4.766085293
    3.916666667    4.466621756
    3.933333333    4.183493036
    3.950000000    3.917888994
    3.966666667    3.670182687
    3.983333333    3.440551628
    4.000000000    3.228653202
    4.016666667    3.034938389
    4.033333333    2.861833635
    4.050000000    2.711127301
    4.066666667    2.584384727
    4.083333333    2.483332684
    4.100000000    2.408715913
    4.116666667    2.361134927
    4.133333333    2.341099903
    4.150000000    2.347260698
    4.166666667    2.376585004
    4.183333333    2.425995174
    4.200000000    2.492404520
    4.216666667    2.573150059
    4.233333333    2.665797403
    4.250000000    2.767330987
    4.266666667    2.874807749
    4.283333333    2.985350939
    4.300000000    3.096415241
    4.316666667    3.205848279
    4.333333333    3.310736265
    4.350000000    3.407731992
    4.366666667    3.493783481
    4.383333333    3.566578482
    4.400000000    3.625318966
    4.416666667    3.669992420
    4.433333333    3.700318786
    4.450000000    3.716717763
    4.466666667    3.720002581
    4.483333333    3.710925647
    4.500000000    3.690968141
    4.516666667    3.660357924
    4.533333333    3.617779191
    4.550000000    3.562173223
    4.566666667    3.492656502
    4.583333333    3.408641512
    4.600000000    3.310144989
    4.616666667    3.197034669
    4.633333333    3.069379228
    4.650000000    2.928461556
    4.666666667    2.776477408
    4.683333333    2.616109075
    4.700000000    2.449880384
    4.716666667    2.279298277
    4.733333333    2.106172514
    4.750000000    1.932911051
    4.766666667    1.762653049
    4.783333333    1.599273281
    4.800000000    1.446262644
    4.816666667    1.307108306
    4.833333333    1.185704643
    4.850000000    1.085792892
    4.866666667    1.011041708
    4.883333333    0.963668984
    4.900000000    0.942488664
    4.916666667    0.945447570
    4.933333333    0.970629366
    4.950000000    1.015041745
    4.966666667    1.076511872
    4.983333333    1.152691705
    5.000000000    1.240543839
    5.016666667    1.338311614
    5.033333333    1.445450358
    5.050000000    1.561850472
    5.066666667    1.687385018
    5.083333333    1.821453838
    5.100000000    1.963335945
    5.116666667    2.112326632
    5.133333333    2.267505748
    5.150000000    2.427401653
    5.166666667    2.590031818
    5.183333333    2.752996456
    5.200000000    2.914275651
    5.216666667    3.072334694
    5.233333333    3.225527467
    5.250000000    3.372184953
    5.266666667    3.510473703
    5.283333333    3.638609593
    5.300000000    3.755256853
    5.316666667    3.859008604
    5.333333333    3.947971234
    5.350000000    4.020462361
    5.366666667    4.074806070
    5.383333333    4.109451691
    5.400000000    4.124259821
    5.416666667    4.118880853
    5.433333333    4.092645927
    5.450000000    4.046050470
    5.466666667    3.979944855
    5.483333333    3.895510326
    5.500000000    3.794137604
    5.516666667    3.675790998
    5.533333333    3.539726104
    5.550000000    3.385495129
    5.566666667    3.213413792
    5.583333333    3.024941522
    5.600000000    2.821866013
    5.616666667    2.605699657
    5.633333333    2.378964831
    5.650000000    2.144857175
    5.666666667    1.907169868
    5.683333333    1.670212453
    5.700000000    1.436589510
    5.716666667    1.208079704
    5.733333333    0.986908615
    5.750000000    0.775888694
    5.766666667    0.580057684
    5.783333333    0.405168044
    5.800000000    0.255394460
    5.816666667    0.135398648
    5.833333333    0.050393722
    5.850000000    0.004033216
    5.866666667    0.000000000
    5.883333333    0.038972167
    5.900000000    0.117072332
    5.916666667    0.229691600
    5.933333333    0.371862257
    5.950000000    0.539563600
    5.966666667    0.729122322
    5.983333333    0.935838871
    6.000000000    1.155274754
    6.016666667    1.383008312
    6.033333333    1.615263206
    6.050000000    1.849522792
    6.066666667    2.082504338
    6.083333333    2.309884858
    6.100000000    2.527962375
    6.116666667    2.733713251
    6.133333333    2.926693292
    6.150000000    3.108472338
    6.166666667    3.280408881
    6.183333333    3.444330053
    6.200000000    3.601946090
    6.216666667    3.754759377
    6.233333333    3.905189693
    6.250000000    4.055017351
    6.266666667    4.204501976
    6.283333333    4.353563391
    6.300000000    4.501777682
    6.316666667    4.649534745
    6.333333333    4.798470770
    6.350000000    4.949806689
    6.366666667    5.104328145
    6.383333333    5.262113025
    6.400000000    5.422498974
    6.416666667    5.585384056
    6.433333333    5.750609529
    6.450000000    5.917384070
    6.466666667    6.084933388
    6.483333333    6.252311096
    6.500000000    6.419644551
    6.516666667    6.588972112
    6.533333333    6.762528427
    6.550000000    6.942545787
    6.566666667    7.130550181
    6.583333333    7.326834022
    6.600000000    7.532226375
    6.616666667    7.747676138
    6.633333333    7.973163076
    6.650000000    8.208554965
    6.666666667    8.452629190
    6.683333333    8.704310582
    6.700000000    8.964167918
    6.716666667    9.232700590
    6.733333333    9.510229239
    6.750000000    9.795010696
    6.766666667   10.082672725
    6.783333333   10.369017331
    6.800000000   10.650365768
    6.816666667   10.923668035
    6.833333333   11.187005478
    6.850000000   11.437699375
    6.866666667   11.674064099
    6.883333333   11.897388923
    6.900000000   12.110151595
    6.916666667   12.316811226
    6.933333333   12.520747932
    6.950000000   12.721886869
    6.966666667   12.920637669
    6.983333333   13.118471768
    7.000000000   13.319213951
    7.016666667   13.530144985
    7.033333333   13.756839720
    7.050000000   14.003731062
    7.066666667   14.276548965
    7.083333333   14.579038844
    7.100000000   14.915516324
    7.116666667   15.287652655
    7.133333333   15.688624866
    7.150000000   16.108568072
    7.166666667   16.536352603
    7.183333333   16.961452924
    7.200000000   17.377467654
    7.216666667   17.776824491
    7.233333333   18.149685066
    7.250000000   18.486624804
    7.266666667   18.777108163
    7.283333333   19.012677956
    7.300000000   19.186318375
    7.316666667   19.288399556
    7.333333333   19.309216312
    7.350000000   19.239241365
    7.366666667   19.075757466
    7.383333333   18.824267056
    7.400000000   18.492532707
    7.416666667   18.090410997
    7.433333333   17.628175440
    7.450000000   17.113984998
    7.466666667   16.558160801
    7.483333333   15.972958508
    7.500000000   15.366741711
