#! FIELDS dist projection
#! SET min_dist 0.2
#! SET max_dist 0.7
#! SET nbins_dist  301
#! SET periodic_dist false
    0.200000000   36.272237916
    0.201666667   40.895377945
    0.203333333   45.391555444
    0.205000000   49.636743545
    0.206666667   53.530472078
    0.208333333   56.987530310
    0.210000000   59.888931321
    0.211666667   62.115429770
    0.213333333   63.555809429
    0.215000000   64.162948687
    0.216666667   63.982037118
    0.218333333   63.083230642
    0.220000000   61.564093923
    0.221666667   59.518743515
    0.223333333   57.017019166
    0.225000000   54.154650015
    0.226666667   51.044147314
    0.228333333   47.767652899
    0.230000000   44.394519429
    0.231666667   40.974256670
    0.233333333   37.549663195
    0.235000000   34.203403958
    0.236666667   31.013496412
    0.238333333   28.036409410
    0.240000000   25.301539564
    0.241666667   22.785098564
    0.243333333   20.456304998
    0.245000000   18.301539811
    0.246666667   16.305244994
    0.248333333   14.447343508
    0.250000000   12.701052256
    0.251666667   11.037161572
    0.253333333    9.458823671
    0.255000000    7.985411509
    0.256666667    6.637534739
    0.258333333    5.433077882
    0.260000000    4.362931465
    0.261666667    3.416137822
    0.263333333    2.593498734
    0.265000000    1.890060839
    0.266666667    1.304178587
    0.268333333    0.831969325
    0.270000000    0.463057774
    0.271666667    0.197141210
    0.273333333    0.040906273
    0.275000000    0.000000000
    0.276666667    0.073623807
    0.278333333    0.247479922
    0.280000000    0.501220524
    0.281666667    0.816396496
    0.283333333    1.174315789
    0.285000000    1.558327524
    0.286666667    1.952516762
    0.288333333    2.339508923
    0.290000000    2.710918127
    0.291666667    3.067754641
    0.293333333    3.413409601
    0.295000000    3.752584814
    0.296666667    4.086739140
    0.298333333    4.414675511
    0.300000000    4.738546402
    0.301666667    5.060614035
    0.303333333    5.381668436
    0.305000000    5.702267763
    0.306666667    6.021111392
    0.308333333    6.338573670
    0.310000000    6.658516287
    0.311666667    6.984300527
    0.313333333    7.318485527
    0.315000000    7.660689120
    0.316666667    8.007306679
    0.318333333    8.355277701
    0.320000000    8.701485716
    0.321666667    9.042249136
    0.323333333    9.374251625
    0.325000000    9.693289059
    0.326666667    9.996541287
    0.328333333   10.284136885
    0.330000000   10.556875401
    0.331666667   10.815869750
    0.333333333   11.061982938
    0.335000000   11.294774036
    0.336666667   11.514059548
    0.338333333   11.720403555
    0.340000000   11.913794078
    0.341666667   12.094012795
    0.343333333   12.260734456
    0.345000000   12.413618269
    0.346666667   12.553014833
    0.348333333   12.679487092
    0.350000000   12.793621037
    0.351666667   12.895684339
    0.353333333   12.985231235
    0.355000000   13.062096327
    0.356666667   13.126152726
    0.358333333   13.177163938
    0.360000000   13.215146439
    0.361666667   13.240109863
    0.363333333   13.252001759
    0.365000000   13.251112002
    0.366666667   13.238127489
    0.368333333   13.213700813
    0.370000000   13.178379170
    0.371666667   13.132681792
    0.373333333   13.077031525
    0.375000000   13.011878307
    0.376666667   12.937784948
    0.378333333   12.855451917
    0.380000000   12.765446234
    0.381666667   12.668195488
    0.383333333   12.564240636
    0.385000000   12.454005384
    0.386666667   12.337855749
    0.388333333   12.216138513
    0.390000000   12.088967776
    0.391666667   11.956359457
    0.393333333   11.818328494
    0.395000000   11.674991258
    0.396666667   11.526588259
    0.398333333   11.373335257
    0.400000000   11.215501828
    0.401666667   11.053320011
    0.403333333   10.886990624
    0.405000000   10.716833022
    0.406666667   10.543230802
    0.408333333   10.366538930
    0.410000000   10.187138409
    0.411666667   10.005450125
    0.413333333    9.821911998
    0.415000000    9.637038574
    0.416666667    9.451356197
    0.418333333    9.265330654
    0.420000000    9.079398851
    0.421666667    8.893950336
    0.423333333    8.709346645
    0.425000000    8.525948567
    0.426666667    8.344088303
    0.428333333    8.164005483
    0.430000000    7.985936912
    0.431666667    7.810130178
    0.433333333    7.636757017
    0.435000000    7.465980361
    0.436666667    7.297952710
    0.438333333    7.132796804
    0.440000000    6.970626852
    0.441666667    6.811595386
    0.443333333    6.655909137
    0.445000000    6.503673174
    0.446666667    6.355020824
    0.448333333    6.210159347
    0.450000000    6.069258183
    0.451666667    5.932440422
    0.453333333    5.799856566
    0.455000000    5.671625678
    0.456666667    5.547779099
    0.458333333    5.428520221
    0.460000000    5.314133497
    0.461666667    5.204671673
    0.463333333    5.100162310
    0.465000000    5.000491486
    0.466666667    4.905443298
    0.468333333    4.814837627
    0.470000000    4.728425422
    0.471666667    4.645914724
    0.473333333    4.566921022
    0.475000000    4.491151474
    0.476666667    4.418684371
    0.478333333    4.349719842
    0.480000000    4.284431048
    0.481666667    4.223028344
    0.483333333    4.165568892
    0.485000000    4.112010009
    0.486666667    4.062451897
    0.488333333    4.016824742
    0.490000000    3.974672728
    0.491666667    3.935479692
    0.493333333    3.898626740
    0.495000000    3.863717899
    0.496666667    3.830604897
    0.498333333    3.799039955
    0.500000000    3.768692748
    0.501666667    3.738926382
    0.503333333    3.708977218
    0.505000000    3.678340580
    0.506666667    3.646496133
    0.508333333    3.612813099
    0.510000000    3.576734668
    0.511666667    3.537738539
    0.513333333    3.495869506
    0.515000000    3.451854184
    0.516666667    3.406563184
    0.518333333    3.360970350
    0.520000000    3.315854016
    0.521666667    3.271814005
    0.523333333    3.229710437
    0.525000000    3.190419853
    0.526666667    3.154661993
    0.528333333    3.123097854
    0.530000000    3.096061348
    0.531666667    3.074119423
    0.533333333    3.058421429
    0.535000000    3.049814514
    0.536666667    3.049007052
    0.538333333    3.056215290
    0.540000000    3.070737189
    0.541666667    3.091964549
    0.543333333    3.119334701
    0.545000000    3.151993500
    0.546666667    3.189045526
    0.548333333    3.229425665
    0.550000000    3.272371573
    0.551666667    3.318022620
    0.553333333    3.366792951
    0.555000000    3.419141301
    0.556666667    3.475244635
    0.558333333    3.534638771
    0.560000000    3.597000286
    0.561666667    3.662166947
    0.563333333    3.729656196
    0.565000000    3.798960826
    0.566666667    3.869150355
    0.568333333    3.939193546
    0.570000000    4.008895022
    0.571666667    4.078182154
    0.573333333    4.146925777
    0.575000000    4.214532186
    0.576666667    4.279133688
    0.578333333    4.338720934
    0.580000000    4.391830536
    0.581666667    4.437138767
    0.583333333    4.473825302
    0.585000000    4.501175306
    0.586666667    4.518572541
    0.588333333    4.526700830
    0.590000000    4.527137336
    0.591666667    4.522319713
    0.593333333    4.514731431
    0.595000000    4.505418881
    0.596666667    4.495469008
    0.598333333    4.486562945
    0.600000000    4.481242448
    0.601666667    4.483753699
    0.603333333    4.498101647
    0.605000000    4.527643390
    0.606666667    4.576313636
    0.608333333    4.647413159
    0.610000000    4.744562842
    0.611666667    4.871211934
    0.613333333    5.026406450
    0.615000000    5.207815013
    0.616666667    5.412765383
    0.618333333    5.638417814
    0.620000000    5.884425789
    0.621666667    6.150605023
    0.623333333    6.435473001
    0.625000000    6.737219534
    0.626666667    7.053542486
    0.628333333    7.383371538
    0.630000000    7.726587165
    0.631666667    8.080343085
    0.633333333    8.440848425
    0.635000000    8.804906022
    0.636666667    9.170966144
    0.638333333    9.543963215
    0.640000000    9.931740238
    0.641666667   10.340025159
    0.643333333   10.775220358
    0.645000000   11.242813022
    0.646666667   11.747740903
    0.648333333   12.296469625
    0.650000000   12.890375083
    0.651666667   13.525640955
    0.653333333   14.196229399
    0.655000000   14.895638239
    0.656666667   15.624276693
    0.658333333   16.384935901
    0.660000000   17.176951292
    0.661666667   17.998873166
    0.663333333   18.844789620
    0.665000000   19.707801344
    0.666666667   20.586855873
    0.668333333   21.476030453
    0.670000000   22.363009624
    0.671666667   23.236400900
    0.673333333   24.084978701
    0.675000000   24.913006922
    0.676666667   25.737747156
    0.678333333   26.573672236
    0.680000000   27.433850931
    0.681666667   28.323939825
    0.683333333   29.243632229
    0.685000000   30.198435448
    0.686666667   31.184274233
    0.688333333   32.183028525
    0.690000000   33.170187128
    0.691666667   34.112539843
    0.693333333   34.988164255
    0.695000000   35.789950121
    0.696666667   36.506765798
    0.698333333   37.124435339
    0.700000000   37.611933867
