#! FIELDS dist ves.fes
#! SET min_dist 0.2
#! SET max_dist 0.7
#! SET nbins_dist  301
#! SET periodic_dist false
    0.200000000   59.205833096
    0.201666667   68.577622989
    0.203333333   77.641858844
    0.205000000   86.124752597
    0.206666667   93.804337741
    0.208333333  100.493446366
    0.210000000  105.939105776
    0.211666667  109.892290750
    0.213333333  112.118559901
    0.215000000  112.527383740
    0.216666667  111.232566882
    0.218333333  108.402953277
    0.220000000  104.268707112
    0.221666667   99.044681960
    0.223333333   92.885796594
    0.225000000   86.003757976
    0.226666667   78.647670075
    0.228333333   71.010097118
    0.230000000   63.265326504
    0.231666667   55.542720193
    0.233333333   47.963694075
    0.235000000   40.744792411
    0.236666667   34.094838863
    0.238333333   28.184635172
    0.240000000   23.119628094
    0.241666667   18.864175992
    0.243333333   15.339896615
    0.245000000   12.477893015
    0.246666667   10.194442447
    0.248333333    8.395956747
    0.250000000    6.969473233
    0.251666667    5.795750455
    0.253333333    4.821878622
    0.255000000    4.029627694
    0.256666667    3.417560228
    0.258333333    2.980044728
    0.260000000    2.650155273
    0.261666667    2.360991571
    0.263333333    2.070038281
    0.265000000    1.752459884
    0.266666667    1.419032131
    0.268333333    1.080981213
    0.270000000    0.742751976
    0.271666667    0.430070341
    0.273333333    0.176435795
    0.275000000    0.022406605
    0.276666667    0.000000000
    0.278333333    0.100390360
    0.280000000    0.297635782
    0.281666667    0.565103844
    0.283333333    0.877752611
    0.285000000    1.227411776
    0.286666667    1.606010854
    0.288333333    1.996444098
    0.290000000    2.390217139
    0.291666667    2.784967676
    0.293333333    3.182313541
    0.295000000    3.587072860
    0.296666667    3.993491973
    0.298333333    4.390018780
    0.300000000    4.768756051
    0.301666667    5.124152215
    0.303333333    5.458969655
    0.305000000    5.779498708
    0.306666667    6.088646052
    0.308333333    6.391329628
    0.310000000    6.694025477
    0.311666667    7.003029719
    0.313333333    7.325371252
    0.315000000    7.661923763
    0.316666667    8.007752139
    0.318333333    8.357789890
    0.320000000    8.706460349
    0.321666667    9.050065057
    0.323333333    9.386355686
    0.325000000    9.711083140
    0.326666667   10.021264726
    0.328333333   10.316392929
    0.330000000   10.596558433
    0.331666667   10.862903774
    0.333333333   11.115779917
    0.335000000   11.353526823
    0.336666667   11.574753840
    0.338333333   11.779123649
    0.340000000   11.966667775
    0.341666667   12.138011351
    0.343333333   12.293665100
    0.345000000   12.434149252
    0.346666667   12.560591650
    0.348333333   12.674262200
    0.350000000   12.776746785
    0.351666667   12.868999229
    0.353333333   12.950643372
    0.355000000   13.021445017
    0.356666667   13.081089988
    0.358333333   13.129245374
    0.360000000   13.166088228
    0.361666667   13.191657270
    0.363333333   13.205816176
    0.365000000   13.208814996
    0.366666667   13.201324346
    0.368333333   13.184032391
    0.370000000   13.157493915
    0.371666667   13.122101908
    0.373333333   13.078102541
    0.375000000   13.025767734
    0.376666667   12.965538839
    0.378333333   12.898134543
    0.380000000   12.824151528
    0.381666667   12.744033555
    0.383333333   12.658415114
    0.385000000   12.567796808
    0.386666667   12.472651994
    0.388333333   12.373471862
    0.390000000   12.270393007
    0.391666667   12.163354815
    0.393333333   12.052207325
    0.395000000   11.936875859
    0.396666667   11.817472097
    0.398333333   11.694021434
    0.400000000   11.566569517
    0.401666667   11.435004031
    0.403333333   11.298996201
    0.405000000   11.158368905
    0.406666667   11.013042800
    0.408333333   10.862797793
    0.410000000   10.707437684
    0.411666667   10.546876544
    0.413333333   10.381142571
    0.415000000   10.210695358
    0.416666667   10.036340538
    0.418333333    9.858889936
    0.420000000    9.679131353
    0.421666667    9.497686421
    0.423333333    9.315235460
    0.425000000    9.132555976
    0.426666667    8.950415455
    0.428333333    8.769581433
    0.430000000    8.590698554
    0.431666667    8.414377331
    0.433333333    8.241336144
    0.435000000    8.072285631
    0.436666667    7.907904284
    0.438333333    7.748657321
    0.440000000    7.594496743
    0.441666667    7.445251861
    0.443333333    7.300772501
    0.445000000    7.160722128
    0.446666667    7.024902865
    0.448333333    6.893076860
    0.450000000    6.764851816
    0.451666667    6.639932947
    0.453333333    6.518107371
    0.455000000    6.399218221
    0.456666667    6.283073314
    0.458333333    6.169385886
    0.460000000    6.057882035
    0.461666667    5.948269684
    0.463333333    5.840384292
    0.465000000    5.734263037
    0.466666667    5.629989013
    0.468333333    5.527656769
    0.470000000    5.427377881
    0.471666667    5.329245384
    0.473333333    5.233345370
    0.475000000    5.139820650
    0.476666667    5.048866027
    0.478333333    4.960626910
    0.480000000    4.875214443
    0.481666667    4.792760921
    0.483333333    4.713397889
    0.485000000    4.637205818
    0.486666667    4.564305960
    0.488333333    4.494748463
    0.490000000    4.428339229
    0.491666667    4.364876273
    0.493333333    4.304135751
    0.495000000    4.245958195
    0.496666667    4.190296060
    0.498333333    4.137060923
    0.500000000    4.086116552
    0.501666667    4.037154137
    0.503333333    3.989820738
    0.505000000    3.943925062
    0.506666667    3.899214394
    0.508333333    3.855402185
    0.510000000    3.812262951
    0.511666667    3.769572127
    0.513333333    3.727419093
    0.515000000    3.686287248
    0.516666667    3.646752829
    0.518333333    3.609397746
    0.520000000    3.574684995
    0.521666667    3.542988258
    0.523333333    3.514752920
    0.525000000    3.490440432
    0.526666667    3.470465889
    0.528333333    3.455182410
    0.530000000    3.444704675
    0.531666667    3.439282247
    0.533333333    3.439477861
    0.535000000    3.445618741
    0.536666667    3.457984699
    0.538333333    3.476558635
    0.540000000    3.500748098
    0.541666667    3.530023025
    0.543333333    3.563891166
    0.545000000    3.601738131
    0.546666667    3.642938861
    0.548333333    3.686755483
    0.550000000    3.732625381
    0.551666667    3.780461400
    0.553333333    3.830341208
    0.555000000    3.882415198
    0.556666667    3.936631253
    0.558333333    3.992527468
    0.560000000    4.049739950
    0.561666667    4.108017219
    0.563333333    4.167085877
    0.565000000    4.226781071
    0.566666667    4.286668462
    0.568333333    4.346270787
    0.570000000    4.405553615
    0.571666667    4.464523750
    0.573333333    4.523251088
    0.575000000    4.581455551
    0.576666667    4.637962506
    0.578333333    4.691483107
    0.580000000    4.740997918
    0.581666667    4.785758344
    0.583333333    4.825557266
    0.585000000    4.860191603
    0.586666667    4.889479163
    0.588333333    4.913877662
    0.590000000    4.934237532
    0.591666667    4.952163373
    0.593333333    4.969277752
    0.595000000    4.986112481
    0.596666667    5.003259565
    0.598333333    5.021618354
    0.600000000    5.043026820
    0.601666667    5.071096489
    0.603333333    5.109312946
    0.605000000    5.160735170
    0.606666667    5.228551357
    0.608333333    5.315069107
    0.610000000    5.423112885
    0.611666667    5.555527217
    0.613333333    5.711814464
    0.615000000    5.890588208
    0.616666667    6.089862211
    0.618333333    6.307688963
    0.620000000    6.544732968
    0.621666667    6.801752908
    0.623333333    7.078420399
    0.625000000    7.373333609
    0.626666667    7.683641309
    0.628333333    8.007599911
    0.630000000    8.344378608
    0.631666667    8.690908884
    0.633333333    9.043664838
    0.635000000    9.399341740
    0.636666667    9.756342929
    0.638333333   10.119876702
    0.640000000   10.498156924
    0.641666667   10.897857702
    0.643333333   11.325942376
    0.645000000   11.787472427
    0.646666667   12.287012307
    0.648333333   12.830809822
    0.650000000   13.420957664
    0.651666667   14.055604305
    0.653333333   14.730223475
    0.655000000   15.439518631
    0.656666667   16.185196041
    0.658333333   16.970645313
    0.660000000   17.796118843
    0.661666667   18.660401465
    0.663333333   19.555588665
    0.665000000   20.472002679
    0.666666667   21.405301823
    0.668333333   22.346526836
    0.670000000   23.281690457
    0.671666667   24.197355411
    0.673333333   25.079553374
    0.675000000   25.929640238
    0.676666667   26.761343706
    0.678333333   27.586269943
    0.680000000   28.415185050
    0.681666667   29.250996893
    0.683333333   30.090969922
    0.685000000   30.938501714
    0.686666667   31.790003277
    0.688333333   32.630620365
    0.690000000   33.439815069
    0.691666667   34.188784311
    0.693333333   34.859694261
    0.695000000   35.448611525
    0.696666667   35.947727952
    0.698333333   36.346089884
    0.700000000   36.613959652
