#! FIELDS dist ves.bias der_dist
#! SET min_dist 0.2
#! SET max_dist 0.7
#! SET nbins_dist  301
#! SET periodic_dist false
    0.200000000  -17.077837543 1690.218089890
    0.201666667  -19.873688181 1658.551594998
    0.203333333  -22.584686123 1587.655588941
    0.205000000  -25.144104571 1478.053644823
    0.206666667  -27.497793831 1342.422039619
    0.208333333  -29.600202915 1173.737774752
    0.210000000  -31.386055393  962.300767677
    0.211666667  -32.789117651  714.343904662
    0.213333333  -33.749072869  435.891564622
    0.215000000  -34.240122473  156.283426181
    0.216666667  -34.284906379 -100.607889816
    0.218333333  -33.918122753 -333.654516895
    0.220000000  -33.187781743 -537.251247600
    0.221666667  -32.141785257 -715.132097135
    0.223333333  -30.817446063 -868.932429060
    0.225000000  -29.265584966 -986.655662583
    0.226666667  -27.545485935 -1073.957902267
    0.228333333  -25.695636735 -1143.125386196
    0.230000000  -23.744304305 -1196.056702838
    0.231666667  -21.714305704 -1238.392758428
    0.233333333  -19.626463039 -1262.136821686
    0.235000000  -17.524115332 -1256.050969967
    0.236666667  -15.453456885 -1225.568744664
    0.238333333  -13.450182319 -1175.037871383
    0.240000000  -11.540244522 -1116.531556530
    0.241666667   -9.727341395 -1059.749290828
    0.243333333   -8.009718776 -1000.901971942
    0.245000000   -6.389605178 -943.191644776
    0.246666667   -4.861820879 -891.620531566
    0.248333333   -3.415298556 -845.816839823
    0.250000000   -2.036758525 -809.693998638
    0.251666667   -0.713450945 -777.389296791
    0.253333333    0.549052081 -736.257261241
    0.255000000    1.735433990 -685.874582414
    0.256666667    2.830806810 -626.530131877
    0.258333333    3.820602395 -561.544642409
    0.260000000    4.702268916 -496.523709588
    0.261666667    5.474609269 -428.769096709
    0.263333333    6.130274888 -358.544132413
    0.265000000    6.670108800 -289.911915287
    0.266666667    7.098070661 -223.865477994
    0.268333333    7.419932032 -163.473060606
    0.270000000    7.645913951 -108.394208345
    0.271666667    7.780924058  -53.456886143
    0.273333333    7.824879241    0.805614859
    0.275000000    7.779675837   52.628778055
    0.276666667    7.651369285  100.093266216
    0.278333333    7.451060265  139.035090148
    0.280000000    7.192491342  170.056701455
    0.281666667    6.887763544  194.260573749
    0.283333333    6.549649665  210.016747197
    0.285000000    6.192105920  217.779985987
    0.286666667    5.828559391  217.125688639
    0.288333333    5.472341081  209.572693638
    0.290000000    5.130139420  201.126447602
    0.291666667    4.801118142  194.031509834
    0.293333333    4.482781575  188.361164701
    0.295000000    4.171936446  184.770621437
    0.296666667    3.866615208  181.603880219
    0.298333333    3.566264700  179.245317971
    0.300000000    3.267827236  179.175587633
    0.301666667    2.968534228  179.891153945
    0.303333333    2.668316322  180.360714612
    0.305000000    2.367813755  180.045182297
    0.306666667    2.068866478  178.520012574
    0.308333333    1.772118624  177.885653748
    0.310000000    1.475055572  178.828292810
    0.311666667    1.175598524  180.642571987
    0.313333333    0.872524029  182.985511861
    0.315000000    0.566278084  184.232240615
    0.316666667    0.259360864  183.888641607
    0.318333333   -0.046235909  182.610932612
    0.320000000   -0.348537084  179.866757400
    0.321666667   -0.644777239  175.380347196
    0.323333333   -0.932228398  169.156559940
    0.325000000   -1.207565920  161.030726096
    0.326666667   -1.468631943  152.347484581
    0.328333333   -1.715679935  144.160570021
    0.330000000   -1.949502869  136.493920649
    0.331666667   -2.171057553  129.512692092
    0.333333333   -2.381259285  122.703637623
    0.335000000   -2.580072823  115.832203983
    0.336666667   -2.767637590  109.375243667
    0.338333333   -2.944740603  103.158396476
    0.340000000   -3.111470489   96.855625339
    0.341666667   -3.267556350   90.433774417
    0.343333333   -3.412711394   83.726859701
    0.345000000   -3.546613103   76.967390892
    0.346666667   -3.669498876   70.526485473
    0.348333333   -3.781823041   64.334346484
    0.350000000   -3.884033092   58.342106129
    0.351666667   -3.976384892   52.405836671
    0.353333333   -4.058668249   46.387055386
    0.355000000   -4.130976811   40.405525986
    0.356666667   -4.193397000   34.452132938
    0.358333333   -4.245811006   28.454741045
    0.360000000   -4.288203276   22.439319098
    0.361666667   -4.320573975   16.373533246
    0.363333333   -4.342846122   10.348627483
    0.365000000   -4.355194965    4.564621468
    0.366666667   -4.358170106   -0.956737282
    0.368333333   -4.352198782   -6.212287532
    0.370000000   -4.337609978  -11.218026124
    0.371666667   -4.314861429  -16.035897460
    0.373333333   -4.284297192  -20.628161891
    0.375000000   -4.246254443  -24.986523946
    0.376666667   -4.201084768  -29.162567232
    0.378333333   -4.149127114  -33.172953212
    0.380000000   -4.090618405  -37.047551618
    0.381666667   -4.025702573  -40.786194198
    0.383333333   -3.954735358  -44.341086269
    0.385000000   -3.878021814  -47.716474977
    0.386666667   -3.795778582  -50.928143147
    0.388333333   -3.708313634  -53.997873036
    0.390000000   -3.615843725  -56.965774430
    0.391666667   -3.518500321  -59.834285846
    0.393333333   -3.416438534  -62.602481671
    0.395000000   -3.309865368  -65.272764565
    0.396666667   -3.198945806  -67.840373075
    0.398333333   -3.083776936  -70.320170963
    0.400000000   -2.964565261  -72.713674593
    0.401666667   -2.841464913  -75.006688700
    0.403333333   -2.714605776  -77.196921351
    0.405000000   -2.584190657  -79.269505089
    0.406666667   -2.450432812  -81.232761951
    0.408333333   -2.313470177  -83.116284729
    0.410000000   -2.173420306  -84.910625528
    0.411666667   -2.030477117  -86.604609017
    0.413333333   -1.884821715  -88.170306327
    0.415000000   -1.736673022  -89.563873304
    0.416666667   -1.586350085  -90.793684766
    0.418333333   -1.434119331  -91.860473004
    0.420000000   -1.280252701  -92.746359647
    0.421666667   -1.125054279  -93.456023069
    0.423333333   -0.968833476  -93.977775805
    0.425000000   -0.811895396  -94.324662590
    0.426666667   -0.654477700  -94.555454952
    0.428333333   -0.496762172  -94.684422512
    0.430000000   -0.338919868  -94.709096226
    0.431666667   -0.181122669  -94.624699540
    0.433333333   -0.023580114  -94.401071898
    0.435000000    0.133476880  -94.045037967
    0.436666667    0.289841686  -93.569004924
    0.438333333    0.445295422  -92.953097303
    0.440000000    0.599606846  -92.193619091
    0.441666667    0.752528608  -91.273732759
    0.443333333    0.903759253  -90.188223910
    0.445000000    1.053085819  -88.986591519
    0.446666667    1.200331122  -87.677689673
    0.448333333    1.345287008  -86.255311162
    0.450000000    1.487775031  -84.710797535
    0.451666667    1.627563432  -82.995698745
    0.453333333    1.764345339  -81.108912485
    0.455000000    1.897842822  -79.078903336
    0.456666667    2.027854318  -76.907935119
    0.458333333    2.154159439  -74.615310209
    0.460000000    2.276510152  -72.208684290
    0.461666667    2.394776808  -69.702922656
    0.463333333    2.508850996  -67.168835660
    0.465000000    2.618695865  -64.653695368
    0.466666667    2.724376850  -62.186508252
    0.468333333    2.826020021  -59.784950254
    0.470000000    2.923700193  -57.420062429
    0.471666667    3.017440277  -55.097770672
    0.473333333    3.107381125  -52.841524137
    0.475000000    3.193641535  -50.666576212
    0.476666667    3.276341354  -48.608278919
    0.478333333    3.355718356  -46.667225868
    0.480000000    3.431961962  -44.831690923
    0.481666667    3.505227401  -43.101206153
    0.483333333    3.575676673  -41.462452129
    0.485000000    3.643484593  -39.919381517
    0.486666667    3.708803734  -38.461177538
    0.488333333    3.771712850  -37.048144428
    0.490000000    3.832300498  -35.658463948
    0.491666667    3.890572053  -34.250117833
    0.493333333    3.946457612  -32.819216875
    0.495000000    3.999974937  -31.409367723
    0.496666667    4.051160135  -30.007608134
    0.498333333    4.100011585  -28.608801958
    0.500000000    4.146493101  -27.158701565
    0.501666667    4.190453323  -25.566473268
    0.503333333    4.231656352  -23.838837832
    0.505000000    4.269844738  -21.984660075
    0.506666667    4.304879283  -20.054732556
    0.508333333    4.336696314  -18.109782488
    0.510000000    4.365216894  -16.107211352
    0.511666667    4.390359302  -14.073945735
    0.513333333    4.412150673  -12.076068025
    0.515000000    4.430650982  -10.131991832
    0.516666667    4.446018602   -8.354183631
    0.518333333    4.458567035   -6.706953884
    0.520000000    4.468366658   -5.037809686
    0.521666667    4.475369361   -3.382088745
    0.523333333    4.479651698   -1.767613864
    0.525000000    4.481373475   -0.356162373
    0.526666667    4.481092390    0.616879457
    0.528333333    4.479527924    1.208166409
    0.530000000    4.477255611    1.459807063
    0.531666667    4.474822886    1.415771843
    0.533333333    4.472632385    1.184832707
    0.535000000    4.471038464    0.685283989
    0.536666667    4.470432036    0.035912224
    0.538333333    4.470797805   -0.432497841
    0.540000000    4.471730010   -0.619119705
    0.541666667    4.472625121   -0.373550115
    0.543333333    4.472755311    0.238258807
    0.545000000    4.471799709    0.920885945
    0.546666667    4.469608092    1.752162462
    0.548333333    4.465833577    2.824178840
    0.550000000    4.459941511    4.333533871
    0.551666667    4.450996185    6.514923403
    0.553333333    4.437964690    9.208289423
    0.555000000    4.420049779   12.357725649
    0.556666667    4.396452970   16.023750303
    0.558333333    4.366435282   20.082459725
    0.560000000    4.329300583   24.559659092
    0.561666667    4.284446199   29.195528679
    0.563333333    4.232217445   33.389872249
    0.565000000    4.173534146   36.945739191
    0.566666667    4.109498823   39.725335263
    0.568333333    4.041513982   41.759865647
    0.570000000    3.970591128   43.266889183
    0.571666667    3.897641746   44.148547259
    0.573333333    3.823821171   44.318738457
    0.575000000    3.750352574   43.697170557
    0.576666667    3.678632611   42.213501362
    0.578333333    3.610051342   39.995596153
    0.580000000    3.545697531   37.127502892
    0.581666667    3.486574992   33.704595430
    0.583333333    3.433573860   29.849173650
    0.585000000    3.387343259   25.594871846
    0.586666667    3.348339480   21.185535007
    0.588333333    3.316604613   16.918709766
    0.590000000    3.291752737   13.040258858
    0.591666667    3.272764250    9.864269398
    0.593333333    3.258493030    7.305086503
    0.595000000    3.248081101    5.333583686
    0.596666667    3.240385814    4.015582482
    0.598333333    3.234271774    3.479135859
    0.600000000    3.227861048    4.533248238
    0.601666667    3.218099711    7.491372702
    0.603333333    3.201882523   12.301113901
    0.605000000    3.176080297   18.927873512
    0.606666667    3.138196610   26.611265417
    0.608333333    3.086866440   35.207017488
    0.610000000    3.020150967   45.132239071
    0.611666667    2.935873790   56.026081479
    0.613333333    2.832862530   67.738557902
    0.615000000    2.709906025   79.825545699
    0.616666667    2.567027474   91.570201529
    0.618333333    2.404139950  104.118056616
    0.620000000    2.219272944  117.935708643
    0.621666667    2.010541993  132.766733909
    0.623333333    1.776247124  148.185202003
    0.625000000    1.517781583  161.451633065
    0.626666667    1.239951652  171.551007107
    0.628333333    0.947126561  179.379881048
    0.630000000    0.643359978  184.796683616
    0.631666667    0.332038117  188.668550644
    0.633333333    0.015015464  191.365317041
    0.635000000   -0.304679437  192.042553726
    0.636666667   -0.625190627  192.970271533
    0.638333333   -0.949314471  196.383304333
    0.640000000   -1.281828177  203.240345988
    0.641666667   -1.629262149  214.353311623
    0.643333333   -1.996881116  226.797527615
    0.645000000   -2.385229163  239.178699040
    0.646666667   -2.794979167  252.742069976
    0.648333333   -3.228356543  267.845911370
    0.650000000   -3.690191663  287.298658723
    0.651666667   -4.189221290  311.905159856
    0.653333333   -4.731128760  338.851801891
    0.655000000   -5.320044195  368.859068213
    0.656666667   -5.963102869  402.816128258
    0.658333333   -6.664608282  439.486773636
    0.660000000   -7.429232340  478.596294860
    0.661666667   -8.257967997  514.431063841
    0.663333333   -9.139242190  541.334479227
    0.665000000  -10.057158994  558.660529351
    0.666666667  -10.995263739  565.315201439
    0.668333333  -11.937017829  563.605440693
    0.670000000  -12.870233609  554.933964307
    0.671666667  -13.781363490  536.584639395
    0.673333333  -14.653787230  509.165478702
    0.675000000  -15.474382959  474.352665022
    0.676666667  -16.231043776  432.540844647
    0.678333333  -16.913980141  386.270753953
    0.680000000  -17.515148236  333.884583010
    0.681666667  -18.021549014  272.247183342
    0.683333333  -18.419013439  203.059926595
    0.685000000  -18.694907991  127.898567198
    0.686666667  -18.844361055   51.984596981
    0.688333333  -18.871036005  -19.755789470
    0.690000000  -18.780330052  -88.278183628
    0.691666667  -18.578761771 -152.462085875
    0.693333333  -18.275639702 -210.546597416
    0.695000000  -17.880320531 -262.787663291
    0.696666667  -17.404134265 -306.974858153
    0.698333333  -16.860351842 -345.314587448
    0.700000000  -16.253065943 -383.958101313
