    0   0.0000000000000000e+00   0.0000000000000000e+00
   10   0.0000000000000000e+00   0.0000000000000000e+00
   20   9.1223973709353823e-01   2.4746724175788444e+00
   30   1.4852473807635123e+00   2.9926143851193174e+00
   40   2.2670413323067469e+00   4.9037294776622522e+00
   50   2.8284857716486220e+00   4.5222181886591120e+00
   60   2.9637898638117517e+00   2.6576936349939535e+00
   70   2.8987491432163650e+00   3.9895750661474958e+00
   80   2.9945764760573947e+00   2.7528328903454797e+00
   90   3.0028423340667256e+00   4.3792743069640414e+00
  100   3.0569646668820263e+00   3.1176791121459457e+00
  110   3.0599780944716084e+00   2.8420116943608034e+00
  120   2.9799290452216836e+00   1.6337503119631491e+00
  130   2.7724711868070262e+00   -8.5092322925874875e-01
  140   2.7485079581660861e+00   4.4354560019754405e+00
  150   2.9075654955698420e+00   5.3721573717127544e+00
  160   3.0273701433257472e+00   3.8138389835958764e+00
  170   2.9975365617082499e+00   1.6710396436633999e+00
  180   2.8403397035908768e+00   -1.0630477556855293e+00
  190   2.7083211666497009e+00   3.0051259816142006e+00
  200   2.6919815048683224e+00   1.1808938337451258e+00
  210   2.6917117096453036e+00   2.5916409983226014e+00
  220   2.7261292769585235e+00   4.2836619697489056e+00
  230   2.8251950650761937e+00   5.2578537017679556e+00
  240   2.9560397786395343e+00   7.0982036104309083e+00
  250   3.0582330747680868e+00   4.8441809831305420e+00
  260   3.1559939051243675e+00   5.5592708419445414e+00
  270   3.2450041620436338e+00   5.5592708419445414e+00
  280   3.3276565434686662e+00   5.5592708419445414e+00
  290   3.3946970354114803e+00   4.6620561693481379e+00
  300   3.4869895580787014e+00   6.9754854281282022e+00
  310   3.5995216829190082e+00   6.9754854281282022e+00
  320   3.7050205499567945e+00   6.9754854281282022e+00
  330   3.7897891236770618e+00   5.7937214449874217e+00
  340   3.8211038284972125e+00   3.7961492402848425e+00
  350   3.8036841175095817e+00   2.1268213005428231e+00
  360   3.7140738507404842e+00   -4.9733145171962684e-01
  370   3.5790462627619952e+00   -1.3691748521452678e+00
  380   3.5856979478862727e+00   7.6326539038837717e+00
  390   3.6309965102306037e+00   4.6768373788306121e+00
  400   3.6165073821911675e+00   1.7071434543169575e+00
  410   3.5794069791608427e+00   1.8284802700064438e+00
  420   3.5377182479904996e+00   1.8284802700064438e+00
  430   3.5149088771623114e+00   3.1697377331945349e+00
  440   3.5253712629280631e+00   6.3374861103987641e+00
  450   3.5776416162302835e+00   4.3487613444305575e+00
  460   3.5944050885824632e+00   4.3487613444305575e+00
  470   3.5803384851952798e+00   1.6369121295089513e+00
  480   3.5304931287298982e+00   3.9748154264491573e+00
  490   3.5491298149764798e+00   4.8260969653053598e+00
  500   3.5932540983279737e+00   5.6962899523262847e+00
  510   3.6287704794828253e+00   4.5043806433280880e+00
  520   3.6240490306790467e+00   2.5508902636708721e+00
  530   3.6532009251713933e+00   5.4813734054945735e+00
  540   3.6815106656046073e+00   5.1819269085649724e+00
  550   3.6973315555879069e+00   3.3818658352092434e+00
  560   3.6826675049459343e+00   2.7866512038065974e+00
  570   3.6817568771775870e+00   4.9537262559658162e+00
  580   3.6937802292858017e+00   4.3486192983538778e+00
  590   3.7018357951500884e+00   3.4503593779599671e+00
  600   3.6838007739419893e+00   3.4950561000341094e+00
  610   3.6744130633224210e+00   2.9713751779039672e+00
  620   3.6806346363824547e+00   3.5507057465848901e+00
  630   3.6811009990838772e+00   5.3788915217640287e+00
  640   3.6927788546756619e+00   3.9307909615152736e+00
  650   3.6964405793962714e+00   3.9307909615152736e+00
  660   3.6897730564507825e+00   3.7287600942470234e+00
  670   3.6833247726736769e+00   3.1405382313215373e+00
  680   3.6572747790920959e+00   8.2925023845546930e-01
  690   3.6109694584800547e+00   1.0099681222137324e+00
  700   3.5844169294584378e+00   1.8631929905313822e+00
  710   3.5601743387693245e+00   1.8631929905313822e+00
  720   3.5484865279324191e+00   3.1752345015017149e+00
  730   3.5446386249515496e+00   2.8112865226696515e+00
  740   3.5374832483435497e+00   4.8439414351900867e+00
  750   3.5575679641135380e+00   4.2554838567346138e+00
  760   3.5849621362753563e+00   6.3280086316916915e+00
  770   3.6058459333322772e+00   4.1065357707248209e+00
  780   3.6122650338116689e+00   4.1065357707248209e+00
  790   3.6057626944105872e+00   2.6665070954238566e+00
  800   3.6143172958613787e+00   5.7506807337170400e+00
  810   3.6404209956158087e+00   5.4784731862461724e+00
  820   3.6612111060168897e+00   6.4329779151688617e+00
  830   3.6816217360674370e+00   4.7588706113015791e+00
  840   3.7112279642976707e+00   6.2723933109620118e+00
  850   3.7284004928046137e+00   4.7492654416738285e+00
  860   3.7350944898831142e+00   3.2602801546160833e+00
  870   3.7143940759758092e+00   1.3708509781166429e+00
  880   3.7053466672851960e+00   2.2690752026719241e+00
  890   3.6871349168463334e+00   1.0818162722349343e+00
  900   3.6535214354247993e+00   -1.1443189779719798e-01
  910   3.6090435248578290e+00   -1.6796756793549117e-01
  920   3.5640753864423957e+00   -1.0686692651067955e+00
  930   3.5070903750593798e+00   -2.2800836795223067e+00
  940   3.4529110934057594e+00   4.7425622026015046e-01
  950   3.4470465902482630e+00   1.9501030168911542e+00
  960   3.4414839356799560e+00   4.5685789892237985e+00
  970   3.4517602277418087e+00   3.3273663290232323e+00
  980   3.4446428127504394e+00   2.7241426259158734e+00
  990   3.4364526583764921e+00   2.1230060154485177e+00
 1000   3.4100167678434175e+00   4.2588715682694733e-02
 1010   3.4064718384314094e+00   5.6783470680857979e+00
 1020   3.4334928069987432e+00   5.3941808112732055e+00
 1030   3.4517912276994820e+00   5.7162905797842640e+00
 1040   3.4747967394948480e+00   5.7708467289519110e+00
 1050   3.4924721652538935e+00   4.5899085021127295e+00
 1060   3.4947378045019812e+00   3.8173810867418303e+00
 1070   3.5016064516856074e+00   3.7527106443859801e+00
 1080   3.5060326852613009e+00   4.0356284039693255e+00
 1090   3.5064419860717861e+00   2.5751898217210805e+00
 1100   3.5003394811120661e+00   1.8893108386178445e+00
 1110   3.4891602937827058e+00   4.6021807933867107e+00
 1120   3.4946004517106934e+00   4.2789886883272299e+00
 1130   3.4981444821894114e+00   3.0418792315610159e+00
 1140   3.5055442616731369e+00   5.0262453273770795e+00
 1150   3.5129542172788177e+00   3.2929986289141153e+00
 1160   3.5212408609268899e+00   4.6201443287117687e+00
 1170   3.5308765449293977e+00   4.3349443760743176e+00
 1180   3.5304169434907817e+00   2.8555107989037745e+00
 1190   3.5113496985910633e+00   4.0446969394129173e-01
 1200   3.5094084715650395e+00   3.5962693649290487e+00
 1210   3.5136531647306115e+00   6.1745004277190576e+00
 1220   3.5325532596385094e+00   6.0658636987734225e+00
 1230   3.5547385489084680e+00   6.4851656271384224e+00
 1240   3.5772318967360746e+00   5.6047765981418873e+00
 1250   3.5913465294238076e+00   5.0626674949311559e+00
 1260   3.6016389752240743e+00   4.8593816519843003e+00
 1270   3.6105682914440660e+00   5.7250899516272629e+00
 1280   3.6290960873170830e+00   6.1571844473590147e+00
 1290   3.6357688766412193e+00   3.1250412328364110e+00
 1300   3.6201993818446025e+00   6.7907720560779739e-01
 1310   3.5931771836673545e+00   -4.7524699624246941e-01
 1320   3.5575591171591165e+00   -2.0848810954199060e+00
 1330   3.5049462819892954e+00   -4.1951525927302340e+00
 1340   3.4472632770821843e+00   -4.4893904210635505e+00
 1350   3.3934176621822596e+00   2.0883392170249566e+00
 1360   3.3924860863187423e+00   3.8368980676050413e+00
 1370   3.3857520938642289e+00   1.0983456994232257e+00
 1380   3.3622850040432004e+00   -3.8905553492420175e-01
 1390   3.3352969426117807e+00   -3.8905553492420175e-01
 1400   3.3131183618167044e+00   6.6250297324124841e-01
 1410   3.3037721042205690e+00   3.5734642092836131e+00
 1420   3.3123568698434260e+00   5.0098725456975055e+00
 1430   3.3172832697745251e+00   4.6917139794542804e+00
 1440   3.3218701191657898e+00   3.0632402900920961e+00
 1450   3.3223213147033737e+00   2.9629366825458971e+00
 1460   3.3172772665276558e+00   1.7039061748313344e+00
 1470   3.3041242389658168e+00   1.2047332713483734e+00
 1480   3.2992184233444681e+00   6.7691991332716839e+00
 1490   3.3156949559828024e+00   4.6452148795757893e+00
 1500   3.3243592648440732e+00   4.3464789355511053e+00
 1510   3.3292148383665578e+00   5.2107555160902264e+00
 1520   3.3392075928598830e+00   5.7851259017640837e+00
 1530   3.3508528572258927e+00   5.4637523004000839e+00
 1540   3.3638075487821371e+00   4.9691751938592983e+00
 1550   3.3692647701912359e+00   4.3062013844963385e+00
 1560   3.3752707741290893e+00   4.3062013844963385e+00
 1570   3.3812002684626390e+00   4.3062013844963385e+00
 1580   3.3870547059058906e+00   4.3062013844963385e+00
 1590   3.3896331487198115e+00   3.7071458284166878e+00
 1600   3.3916176029679170e+00   3.7071458284166878e+00
 1610   3.3916443138376948e+00   2.4497785455559695e+00
 1620   3.3967879758253332e+00   3.6870810257605204e+00
 1630   3.3943322829036533e+00   2.4874574552413309e+00
 1640   3.3926166789704371e+00   2.8779130989147821e+00
 1650   3.3927016333108302e+00   4.4808547320262369e+00
 1660   3.3993803029399587e+00   3.9237272172390716e+00
 1670   3.3986643254488373e+00   4.5257058534942729e+00
 1680   3.3990515349786579e+00   3.2298255447187203e+00
 1690   3.4000898485010564e+00   2.7985205474563952e+00
 1700   3.3966931058767043e+00   4.5689894212892126e+00
 1710   3.4052016576276136e+00   4.6255067218570156e+00
 1720   3.4122964545126688e+00   4.6255067218570156e+00
 1730   3.4193092306244863e+00   4.6255067218570156e+00
 1740   3.4262414001143284e+00   4.6255067218570156e+00
 1750   3.4320672587659820e+00   3.7304926039294193e+00
 1760   3.4330114264145193e+00   4.2266813350993679e+00
 1770   3.4411921679844721e+00   4.7073837002805874e+00
 1780   3.4432864251254340e+00   3.4806589132615673e+00
 1790   3.4390095417504996e+00   1.7846959922335550e+00
 1800   3.4390165264972716e+00   2.8718579541999012e+00
 1810   3.4373618920531008e+00   4.7380310432195003e+00
 1820   3.4418565640228320e+00   3.0863285213477165e+00
 1830   3.4460444099176137e+00   5.7268108697946669e+00
 1840   3.4540571360111931e+00   4.8297585007617849e+00
 1850   3.4611679479324469e+00   4.5287527041689959e+00
 1860   3.4590216066834052e+00   2.4313848896284624e+00
 1870   3.4520705577503294e+00   1.5251078917755998e+00
 1880   3.4596719917159167e+00   4.5318058538702326e+00
 1890   3.4659871526666719e+00   4.6917118899896462e+00
 1900   3.4718046381388707e+00   4.3907056459765377e+00
 1910   3.4766156381799052e+00   4.3907056459765377e+00
 1920   3.4813765236371785e+00   4.3907056459765377e+00
 1930   3.4859324921710790e+00   4.0904336930101310e+00
 1940   3.4928303115308910e+00   4.3646877082780851e+00
 1950   3.5024576366029607e+00   6.1765931491635229e+00
 1960   3.5057337581843524e+00   2.7716691044110231e+00
 1970   3.5016659997726447e+00   4.2238564021380407e+00
 1980   3.5130221779869144e+00   6.5574005934498603e+00
 1990   3.5231833183086754e+00   5.1474067206898493e+00
 2000   3.5346220483505375e+00   6.0303480743384741e+00
 2010   3.5433121786550315e+00   4.3558961273180214e+00
 2020   3.5470356553480293e+00   4.0536878439306889e+00
 2030   3.5463842084656849e+00   2.2460662575867154e+00
 2040   3.5359754146860896e+00   1.2382783011356038e+00
 2050   3.5333148651310973e+00   2.9333861392907057e+00
 2060   3.5304025897629399e+00   2.9333861392907057e+00
 2070   3.5267833593566387e+00   2.3253187235232025e+00
 2080   3.5210070870689787e+00   2.3253187235232025e+00
 2090   3.5152860901142144e+00   2.3253187235232025e+00
 2100   3.5096195788447329e+00   2.3253187235232025e+00
 2110   3.5101356150467100e+00   3.7879393743301844e+00
 2120   3.5101030816743091e+00   4.6503894164063562e+00
 2130   3.5117331087412955e+00   4.2013186669051290e+00
 2140   3.5165187022293987e+00   5.1269870218132674e+00
 2150   3.5235487354318233e+00   4.5404738726270173e+00
 2160   3.5339216315700974e+00   5.8441009789174476e+00
 2170   3.5408043605682167e+00   3.9966334436912012e+00
 2180   3.5485428068483871e+00   4.8574239939358366e+00
 2190   3.5471296352527628e+00   2.4199653957108000e+00
 2200   3.5523780696462999e+00   4.1158886072604162e+00
 2210   3.5523221401378664e+00   5.3222523475937420e+00
 2220   3.5603442158450851e+00   5.6229554193539215e+00
 2230   3.5713870479749876e+00   5.9544052467739910e+00
 2240   3.5820255220767687e+00   5.9544052467739910e+00
 2250   3.5913717441092818e+00   5.1828121211026073e+00
 2260   3.5942301361448052e+00   3.6591675489692510e+00
 2270   3.5945162040427108e+00   3.6591675489692510e+00
 2280   3.5877062685068943e+00   6.9686170932943625e-01
 2290   3.5678649098212301e+00   -2.0562128158203441e+00
 2300   3.5434123979706138e+00   -2.0562128158203441e+00
 2310   3.5191715961793109e+00   -2.0562128158203441e+00
 2320   3.4967285447763894e+00   1.4945137003851794e+00
 2330   3.4882453073612454e+00   6.7616608836408498e-01
 2340   3.4806217607983863e+00   5.1197885472761335e+00
 2350   3.4829268494536501e+00   2.8595533128758084e+00
 2360   3.4775311723763789e+00   2.1111532620825111e+00
 2370   3.4703306224281434e+00   1.1760292734113384e+00
 2380   3.4606907007936183e+00   1.1760292734113384e+00
 2390   3.4473363945583801e+00   -6.2735985415033113e-01
 2400   3.4254066821745073e+00   -2.7559632495197173e+00
 2410   3.4212393508226220e+00   4.4799732803368313e+00
 2420   3.4242452439237612e+00   3.8767254529571002e+00
 2430   3.4242689805983617e+00   2.8790114108652851e+00
 2440   3.4174016333620658e+00   1.3246825721472864e+00
 2450   3.4190622880511476e+00   4.9430037231149786e+00
 2460   3.4189464690339508e+00   2.3357118202353337e+00
 2470   3.4111439431150683e+00   1.1349150922126077e+00
 2480   3.3953102260563108e+00   -1.8489729162349642e+00
 2490   3.3778281283454206e+00   1.4667034494802433e+00
 2500   3.3635563561058563e+00   -1.2826128826161540e+00
 2510   3.3423415034815642e+00   -1.6910360529279169e+00
 2520   3.3368529636731368e+00   4.6400200799477362e+00
 2530   3.3481204486090022e+00   6.5886694029229922e+00
 2540   3.3560865105717865e+00   4.4507742563919876e+00
 2550   3.3579787542827129e+00   5.6320362252721194e+00
 2560   3.3650788839923624e+00   4.7651087609627147e+00
 2570   3.3652122816242205e+00   2.1211061152520991e+00
 2580   3.3667562695739450e+00   3.6205849876834160e+00
 2590   3.3636602865837033e+00   1.8107503398742453e+00
 2600   3.3573416330388555e+00   1.2127818334410838e+00
 2610   3.3439397443617169e+00   -5.9585674376983322e-01
 2620   3.3241396661439202e+00   -1.6038904583759068e+00
 2630   3.3252781070035198e+00   2.7975061862883317e+00
 2640   3.3171314843567266e+00   -1.8656486096313241e-01
 2650   3.3017205491431221e+00   -9.4484253085772751e-01
 2660   3.2826060143826434e+00   -1.8779676295717880e+00
 2670   3.2647249571376431e+00   1.2462987924355933e+00
 2680   3.2621394868821461e+00   6.0153566502544003e+00
 2690   3.2710585456192924e+00   5.3693729430392265e+00
 2700   3.2765359484993608e+00   4.5571643407948006e+00
 2710   3.2856878887008771e+00   4.6347491707198767e+00
 2720   3.2923294770796554e+00   5.1389830470538831e+00
 2730   3.3010954058075761e+00   5.4956743081497930e+00
 2740   3.3049619410060753e+00   4.0833003479470884e+00
 2750   3.3079990969742168e+00   3.2679712019189142e+00
 2760   3.3119702167037417e+00   4.3895208734711453e+00
 2770   3.3156108591634701e+00   4.5839870355129015e+00
 2780   3.3221901149005495e+00   5.4552822452694816e+00
 2790   3.3300497532866462e+00   5.4888339625981990e+00
 2800   3.3348464752104556e+00   5.0090707826620040e+00
 2810   3.3398322404878495e+00   5.0965857488459676e+00
 2820   3.3421724540226281e+00   2.9777182211598157e+00
 2830   3.3381203925956737e+00   1.1742833926287330e+00
 2840   3.3305134318359011e+00   3.7431733269964562e+00
 2850   3.3332450051125218e+00   3.3924769154440311e+00
 2860   3.3369392532150255e+00   5.5302611835365960e+00
 2870   3.3420772566313008e+00   3.7179677388505747e+00
 2880   3.3430675648573840e+00   3.1134527311156632e+00
 2890   3.3383907582220158e+00   6.8923533559696337e-01
 2900   3.3272507715644832e+00   -7.4299455214045140e-01
 2910   3.3296233035313665e+00   5.2403568249577983e+00
 2920   3.3321854757588150e+00   3.7104903224425665e+00
 2930   3.3325485844483729e+00   3.1061114774643976e+00
 2940   3.3298216592386982e+00   2.5005588757188622e+00
 2950   3.3279692036981192e+00   3.0885811054379171e+00
 2960   3.3225218543044446e+00   3.3360467019209750e-01
 2970   3.3070568170923269e+00   -2.3891849167254975e+00
 2980   3.2859770105370703e+00   -3.0054168803483439e+00
 2990   3.2649355593969851e+00   -3.0054168803483439e+00
 3000   3.2521235497759649e+00   -8.5771647434254716e-01
 3010   3.2510275586492638e+00   5.9600188867658854e+00
 3020   3.2568371625996506e+00   5.1028966257358146e+00
 3030   3.2607403257962972e+00   3.5193668853351832e+00
 3040   3.2597073826315262e+00   2.9165222176959817e+00
 3050   3.2585821853694430e+00   2.9165222176959817e+00
 3060   3.2574643423378302e+00   2.9165222176959817e+00
 3070   3.2563537816712445e+00   2.9165222176959817e+00
 3080   3.2552504324375580e+00   2.9165222176959817e+00
 3090   3.2541303503205699e+00   2.3576365185948918e+00
 3100   3.2509507905360344e+00   1.7784826474590560e+00
 3110   3.2444515404483272e+00   1.0937910156485007e+00
 3120   3.2346176535353837e+00   9.6763016835246285e-01
 3130   3.2370470617578775e+00   3.6512083392991830e+00
 3140   3.2410339089057310e+00   5.0621343412264164e+00
 3150   3.2476046839938006e+00   5.1028243303816589e+00
 3160   3.2546233521255687e+00   5.7099874361388014e+00
 3170   3.2619270395323983e+00   5.5698922600903922e+00
 3180   3.2690415014340628e+00   6.2287987765226598e+00
 3190   3.2769996315464458e+00   5.4022151333102748e+00
 3200   3.2833659019148009e+00   5.8566407664562217e+00
 3210   3.2906255238967965e+00   6.2871704066825131e+00
 3220   3.2953634680323960e+00   4.7960637723644410e+00
 3230   3.2956040950143888e+00   2.0729023464890197e+00
 3240   3.2903711343497828e+00   3.4957141029598278e+00
 3250   3.2892220208968039e+00   2.8866435909956047e+00
 3260   3.2875294673150779e+00   2.6416849866918288e+00
 3270   3.2897761526753717e+00   3.5169174318651044e+00
 3280   3.2909760283695486e+00   3.4017076091443839e+00
 3290   3.2962288210671749e+00   6.5507942770803220e+00
 3300   3.3078343402473123e+00   6.6338288816882862e+00
 3310   3.3176079017286755e+00   6.0273347846661434e+00
 3320   3.3223953755503652e+00   4.2108517154840257e+00
 3330   3.3272167409477698e+00   4.8029303361456552e+00
 3340   3.3319416431189621e+00   5.4136221985371211e+00
 3350   3.3381363358981373e+00   4.4149391037385683e+00
 3360   3.3382894701284749e+00   2.2499098404083324e+00
 3370   3.3333642449210603e+00   1.6484644693680488e+00
 3380   3.3275811170140743e+00   1.0485268858606929e+00
 3390   3.3159891422192955e+00   -1.9527516117580705e+00
 3400   3.3083389117697042e+00   4.0036650683450778e+00
 3410   3.3188802751010922e+00   7.7507057889368767e+00
 3420   3.3288976276214730e+00   6.1000880994119342e+00
 3430   3.3332224338097620e+00   3.4951261221756078e+00
 3440   3.3339688324447789e+00   4.7237815064540811e+00
 3450   3.3389579970369607e+00   4.0926095975624159e+00
 3460   3.3380713238489235e+00   2.3359394433431881e+00
 3470   3.3321615060895429e+00   5.4004135524472030e-01
 3480   3.3264426572166768e+00   1.0287664375744545e+00
 3490   3.3198590577334604e+00   1.0287664375744545e+00
 3500   3.3109854463846595e+00   3.9358621638511659e-01
 3510   3.3092384526684642e+00   2.3467039271081807e+00
 3520   3.3106070550083166e+00   3.4960577372042563e+00
 3530   3.3137695082671845e+00   4.0221747406453439e+00
 3540   3.3140523684980936e+00   2.4960057958382547e+00
 3550   3.3095501459571155e+00   1.4888867520301661e+00
 3560   3.3098262558017963e+00   3.8437609013482228e+00
 3570   3.3132694072087507e+00   5.7484694589196872e+00
 3580   3.3188747538452841e+00   5.7690713382267438e+00
 3590   3.3229715202568122e+00   3.7739534941824182e+00
 3600   3.3247427340019033e+00   4.4053662506391706e+00
 3610   3.3283876132333172e+00   4.5321668878396837e+00
 3620   3.3289730869631331e+00   4.6144911910088560e+00
 3630   3.3299012407193826e+00   2.8531589573931870e+00
 3640   3.3256680383075681e+00   8.7059353378840032e-01
 3650   3.3285412594021864e+00   5.1143813355711218e+00
 3660   3.3341657390868997e+00   5.6433956093985831e+00
 3670   3.3396084789580085e+00   6.1591736785244011e+00
 3680   3.3429678047743034e+00   3.6617827080923040e+00
 3690   3.3449282348934748e+00   4.6147053450799715e+00
 3700   3.3484130578221913e+00   3.8884206267830916e+00
 3710   3.3483607119939522e+00   3.0244067290468983e+00
 3720   3.3470819138436303e+00   2.4173269146732466e+00
 3730   3.3507346412983798e+00   5.6643650634125082e+00
 3740   3.3559146328073304e+00   6.5897158058351541e+00
 3750   3.3626041466618517e+00   5.7060893737255114e+00
 3760   3.3652719510826694e+00   3.2496669431196152e+00
 3770   3.3689985685171777e+00   6.1692140168076710e+00
 3780   3.3752060944950157e+00   5.6907773262364802e+00
 3790   3.3796920135055837e+00   5.9388525678951556e+00
 3800   3.3847566844244636e+00   5.9138467678228892e+00
 3810   3.3903704551598213e+00   5.1827086985811910e+00
 3820   3.3940988046557337e+00   4.1097877120402302e+00
 3830   3.3972952517534236e+00   5.3037756243641407e+00
 3840   3.4020419500262657e+00   6.1517080373921926e+00
 3850   3.4133926417666216e+00   6.7016910952933104e+00
 3860   3.4191887607700702e+00   5.4331234291286705e+00
 3870   3.4243927263213840e+00   5.4331234291286705e+00
 3880   3.4276969538436548e+00   4.7147713526350827e+00
 3890   3.4299931995168511e+00   3.8161024322719723e+00
 3900   3.4312282190882328e+00   3.3315159269023704e+00
 3910   3.4303391596761639e+00   2.6021820593535301e+00
 3920   3.4358774896978899e+00   5.9570599853242170e+00
 3930   3.4409053115151522e+00   4.4452302337761029e+00
 3940   3.4426820735576098e+00   4.1409495562434531e+00
 3950   3.4444259040269278e+00   4.5005890577570744e+00
 3960   3.4452948533204042e+00   5.0402758014393365e+00
 3970   3.4503201959748084e+00   5.7060791210111290e+00
 3980   3.4539708858435194e+00   3.7879423107973631e+00
 3990   3.4533293353094110e+00   2.6596449471131027e+00
 4000   3.4494444458126448e+00   1.1389589140703369e+00
