#! FIELDS dist fes_dist dfes_dist_dist
#! SET normalisation    1.0000000000000000e+00
#! SET min_dist 0.2
#! SET max_dist 0.9
#! SET nbins_dist  200
#! SET periodic_dist false
   2.0000000000000001e-01                      inf   0.0000000000000000e+00
   2.0350000000000001e-01                      inf   0.0000000000000000e+00
   2.0700000000000002e-01                      inf   0.0000000000000000e+00
   2.1050000000000002e-01                      inf   0.0000000000000000e+00
   2.1400000000000002e-01                      inf   0.0000000000000000e+00
   2.1750000000000000e-01                      inf   0.0000000000000000e+00
   2.2100000000000000e-01   5.8826036397239548e+01  -3.0102490215349308e+03
   2.2450000000000001e-01   4.9029702821114746e+01  -2.5225335511115768e+03
   2.2800000000000001e-01   4.0844889961786230e+01  -2.1137630650062051e+03
   2.3150000000000001e-01   3.3916268507244382e+01  -1.8467340173537871e+03
   2.3500000000000001e-01   2.7695116337321764e+01  -1.7092595076662590e+03
   2.3849999999999999e-01   2.1959857094115904e+01  -1.5529373425992926e+03
   2.4199999999999999e-01   1.6896515351674150e+01  -1.3330358175014028e+03
   2.4550000000000000e-01   1.2647318020711634e+01  -1.0949397397737710e+03
   2.4900000000000000e-01   9.2191095681356412e+00  -8.6745659861321644e+02
   2.5250000000000000e-01   6.5371373053417425e+00  -6.7254665848414720e+02
   2.5600000000000001e-01   4.4498696934776181e+00  -5.2895235239621513e+02
   2.5950000000000001e-01   2.7910696337611949e+00  -4.2126835949423293e+02
   2.6300000000000001e-01   1.5085407498819912e+00  -3.0890537635688861e+02
   2.6650000000000001e-01   6.3868957439238550e-01  -1.8904182750947280e+02
   2.7000000000000002e-01   1.6404639377880770e-01  -8.6578337652697414e+01
   2.7350000000000002e-01   0.0000000000000000e+00  -1.1558271314300368e+01
   2.7700000000000002e-01   5.9314816178400065e-02   4.3312872490060187e+01
   2.8049999999999997e-01   2.9297627082299371e-01   8.8464276381214376e+01
   2.8400000000000003e-01   6.6293772055773914e-01   1.2129840000025760e+02
   2.8749999999999998e-01   1.1460692927158345e+00   1.5691661435687499e+02
   2.9100000000000004e-01   1.7707450386340309e+00   1.9918950189249961e+02
   2.9449999999999998e-01   2.5223254973347426e+00   2.2695225256827189e+02
   2.9799999999999999e-01   3.3420056563979994e+00   2.3970524234148641e+02
   3.0149999999999999e-01   4.1923178050678915e+00   2.4488445099450161e+02
   3.0499999999999999e-01   5.0435987477577422e+00   2.3860329841253824e+02
   3.0850000000000000e-01   5.8474736034489601e+00   2.2061559268991135e+02
   3.1200000000000000e-01   6.6051663093050461e+00   2.1466043380357308e+02
   3.1550000000000000e-01   7.3527805375314568e+00   2.1135914100535356e+02
   3.1900000000000001e-01   8.0827029887623283e+00   2.0565498362044440e+02
   3.2250000000000001e-01   8.7839114777871536e+00   1.9204411374419016e+02
   3.2600000000000001e-01   9.4137301019955366e+00   1.6833618387214852e+02
   3.2950000000000002e-01   9.9775448063273462e+00   1.5484875894828943e+02
   3.3299999999999996e-01   1.0491130233691505e+01   1.3760690726990998e+02
   3.3650000000000002e-01   1.0957542072789128e+01   1.3313277907042115e+02
   3.3999999999999997e-01   1.1433895824551106e+01   1.3582901986879219e+02
   3.4350000000000003e-01   1.1867616482575867e+01   1.0622994538218738e+02
   3.4699999999999998e-01   1.2163556236757348e+01   6.5221978119417685e+01
   3.5050000000000003e-01   1.2359539039540817e+01   5.2154899582381589e+01
   3.5399999999999998e-01   1.2559835875374052e+01   6.5359380842173010e+01
   3.5749999999999998e-01   1.2815611159358891e+01   7.5280671219090848e+01
   3.6099999999999999e-01   1.3025480010013737e+01   3.7687586461137769e+01
   3.6449999999999999e-01   1.3086982809995906e+01   4.6003786900564299e+00
   3.6799999999999999e-01   1.3090279330718371e+01  -5.0132447677538385e+00
   3.7150000000000000e-01   1.2996570724019962e+01  -5.7049778876774226e+01
   3.7500000000000000e-01   1.2685559168050846e+01  -1.1196690921462991e+02
   3.7850000000000000e-01   1.2304745298184711e+01  -9.3895391253343533e+01
   3.8200000000000001e-01   1.2066629927962964e+01  -4.2999354493288791e+01
   3.8549999999999995e-01   1.1971899083871575e+01  -1.7998325940129206e+01
   3.8900000000000001e-01   1.1884459805452625e+01  -3.9870197090632750e+01
   3.9249999999999996e-01   1.1663322823575651e+01  -8.6029001751023642e+01
   3.9600000000000002e-01   1.1301285826406222e+01  -1.1777762436799949e+02
   3.9949999999999997e-01   1.0864777493132113e+01  -1.2700607891196671e+02
   4.0300000000000002e-01   1.0439327119499611e+01  -1.1472017338396471e+02
   4.0649999999999997e-01   1.0051387548481321e+01  -1.1033035122214012e+02
   4.0999999999999998e-01   9.6464012459859330e+00  -1.2215478123747698e+02
   4.1349999999999998e-01   9.2098763867192961e+00  -1.2315330893196237e+02
   4.1699999999999998e-01   8.8077392002785970e+00  -1.0596427905753967e+02
   4.2049999999999998e-01   8.4551717716944648e+00  -9.8126889680023069e+01
   4.2399999999999999e-01   8.1113120637769516e+00  -9.9035637002750221e+01
   4.2749999999999999e-01   7.7498452302787646e+00  -1.1005079238097541e+02
   4.3099999999999999e-01   7.3400465932693475e+00  -1.2034998375789614e+02
   4.3450000000000000e-01   6.9446677462292961e+00  -1.0229650626415116e+02
   4.3800000000000000e-01   6.6141554945883181e+00  -9.1426931475389154e+01
   4.4150000000000000e-01   6.2742655111791459e+00  -1.0480183541605588e+02
   4.4499999999999995e-01   5.8876849529473230e+00  -1.1252720878240409e+02
   4.4850000000000001e-01   5.5180160866253676e+00  -9.4908487429277073e+01
   4.5200000000000001e-01   5.2385221998175249e+00  -6.3689447875894587e+01
   4.5549999999999996e-01   5.0759144244694889e+00  -3.0501838024128858e+01
   4.5899999999999996e-01   4.9892404321541699e+00  -2.7497424666156714e+01
   4.6249999999999997e-01   4.8347789986042491e+00  -6.2469237536235035e+01
   4.6599999999999997e-01   4.5824083720811535e+00  -7.4579224185182355e+01
   4.6949999999999997e-01   4.3463417713880830e+00  -5.9393368171134334e+01
   4.7299999999999998e-01   4.1551887011665061e+00  -5.2164148049015608e+01
   4.7649999999999998e-01   3.9762471216801991e+00  -4.8710746720979117e+01
   4.7999999999999998e-01   3.8359432738629833e+00  -2.7672014778893541e+01
   4.8349999999999999e-01   3.7974698108326645e+00   4.2322146333531823e+00
   4.8699999999999999e-01   3.8240226331057281e+00   2.2776754890423057e+00
   4.9049999999999999e-01   3.7782966748593454e+00  -2.6044645690949736e+01
   4.9399999999999999e-01   3.6989295035933392e+00  -1.1291842039847269e+01
   4.9750000000000000e-01   3.6998940888070102e+00   3.2523593178774592e+00
   5.0100000000000000e-01   3.6492609862623908e+00  -3.7936200996039368e+01
   5.0449999999999995e-01   3.4525980284060216e+00  -6.6318047316286993e+01
   5.0800000000000001e-01   3.2375541150565255e+00  -5.2565170898592008e+01
   5.1149999999999995e-01   3.0832772766067622e+00  -3.8546055192116320e+01
   5.1499999999999990e-01   2.9559587746694502e+00  -3.2778639410417185e+01
   5.1849999999999996e-01   2.8778514053761954e+00  -9.2645616278414966e+00
   5.2200000000000002e-01   2.8866568090312184e+00   1.1328352936198780e+01
   5.2549999999999997e-01   2.9428414393650284e+00   2.0292929374393250e+01
   5.2899999999999991e-01   3.0195971587303516e+00   1.9728435366377674e+01
   5.3249999999999997e-01   3.0516069424961216e+00  -2.9229584900392300e+00
   5.3600000000000003e-01   3.0161978078581608e+00  -1.3198889719523768e+01
   5.3949999999999998e-01   2.9829592080271690e+00  -3.1886996982607259e+00
   5.4299999999999993e-01   3.0088913172497049e+00   1.8849924364901401e+01
   5.4649999999999999e-01   3.1033886189869859e+00   3.0964731736720328e+01
   5.5000000000000004e-01   3.1967589571144206e+00   2.0914903916283226e+01
   5.5349999999999999e-01   3.2713441980372089e+00   2.7371045960026056e+01
   5.5699999999999994e-01   3.4136626309064262e+00   5.3627512796754814e+01
   5.6050000000000000e-01   3.6203380784459966e+00   5.8060269872456971e+01
   5.6400000000000006e-01   3.7693703859255416e+00   2.1214584170971328e+01
   5.6749999999999989e-01   3.7691101397580624e+00  -1.4497130653943612e+01
   5.7099999999999995e-01   3.7405465264476678e+00   8.1250574658645309e+00
   5.7450000000000001e-01   3.8637930375845269e+00   6.1793014008054179e+01
   5.7799999999999996e-01   4.1331214380546362e+00   8.2890437300826164e+01
   5.8149999999999991e-01   4.3838041602330824e+00   5.4956619220764253e+01
   5.8499999999999996e-01   4.5147115643704483e+00   2.2602126715925099e+01
   5.8850000000000002e-01   4.5575342133085126e+00   2.7834917576369254e+00
   5.9199999999999997e-01   4.5519606405656754e+00  -8.0056330568967471e-01
   5.9549999999999992e-01   4.5855992205136618e+00   2.1150810347555804e+01
   5.9899999999999998e-01   4.6791927284041259e+00   2.7856814845485655e+01
   6.0250000000000004e-01   4.7691874081731802e+00   2.5239903361281527e+01
   6.0599999999999998e-01   4.8733726839335851e+00   3.5634459784729650e+01
   6.0949999999999993e-01   5.0223891986387290e+00   5.0935816695053269e+01
   6.1299999999999999e-01   5.2553747939005806e+00   8.6511211340484053e+01
   6.1650000000000005e-01   5.6406547548100976e+00   1.3192255368408735e+02
   6.1999999999999988e-01   6.1587910997187212e+00   1.6294291256407152e+02
   6.2349999999999994e-01   6.8001396473139391e+00   2.0807576459299972e+02
   6.2700000000000000e-01   7.6178346340718850e+00   2.5190271019832133e+02
   6.3049999999999995e-01   8.4823827840825867e+00   2.3334021639616176e+02
   6.3399999999999990e-01   9.2631493181430713e+00   2.2130331903696822e+02
   6.3749999999999996e-01   1.0069719650388667e+01   2.3912109656939907e+02
   6.4100000000000001e-01   1.0927352932860003e+01   2.5181064201929959e+02
   6.4449999999999996e-01   1.1853286819569878e+01   2.7902843003257016e+02
   6.4799999999999991e-01   1.2878435073682217e+01   3.0596889200663514e+02
   6.5149999999999997e-01   1.4013734020322765e+01   3.4773955291051590e+02
   6.5500000000000003e-01   1.5332989190746014e+01   4.0374685145865078e+02
   6.5849999999999997e-01   1.6809112168135169e+01   4.3737062435704183e+02
   6.6199999999999992e-01   1.8422131278380768e+01   4.9083906942918287e+02
   6.6549999999999998e-01   2.0277997718314239e+01   5.6850072670951249e+02
   6.6900000000000004e-01   2.2349363930647041e+01   5.9782594568239324e+02
   6.7249999999999999e-01   2.4318481847710551e+01   5.1239515325852449e+02
   6.7599999999999993e-01   2.6000181359094974e+01   4.7363899889006365e+02
   6.7949999999999999e-01   2.7790495598862950e+01   5.5510541901474892e+02
   6.8299999999999994e-01   2.9829113164017009e+01   5.9142229189812008e+02
   6.8649999999999989e-01   3.1854632307183788e+01   5.6919526039479763e+02
   6.8999999999999995e-01   3.3974398019416682e+01   6.7417107288043121e+02
   6.9350000000000001e-01   3.6779857103633823e+01   9.4580032807349642e+02
   6.9699999999999995e-01   4.0617165000320668e+01   1.2175521646296838e+03
   7.0049999999999990e-01   4.4380424139366667e+01   6.2874193113327215e+02
   7.0399999999999996e-01   4.4730083452496366e+01  -1.0982923452285972e+02
   7.0750000000000002e-01   4.4993381653134385e+01   3.1121334171166205e+02
   7.1099999999999985e-01   4.7022188760454753e+01   8.5056061279749656e+02
   7.1449999999999991e-01   5.0953030966743775e+01   1.3957383596493555e+03
   7.1799999999999997e-01   5.6792979232313506e+01   1.9413749349618645e+03
   7.2150000000000003e-01   6.4542655511477051e+01   2.4870115102743734e+03
   7.2499999999999987e-01                      inf   0.0000000000000000e+00
   7.2849999999999993e-01                      inf   0.0000000000000000e+00
   7.3199999999999998e-01                      inf   0.0000000000000000e+00
   7.3550000000000004e-01                      inf   0.0000000000000000e+00
   7.3899999999999988e-01                      inf   0.0000000000000000e+00
   7.4249999999999994e-01                      inf   0.0000000000000000e+00
   7.4600000000000000e-01                      inf   0.0000000000000000e+00
   7.4950000000000006e-01                      inf   0.0000000000000000e+00
   7.5299999999999989e-01                      inf   0.0000000000000000e+00
   7.5649999999999995e-01                      inf   0.0000000000000000e+00
   7.6000000000000001e-01                      inf   0.0000000000000000e+00
   7.6349999999999985e-01                      inf   0.0000000000000000e+00
   7.6699999999999990e-01                      inf   0.0000000000000000e+00
   7.7049999999999996e-01                      inf   0.0000000000000000e+00
   7.7400000000000002e-01                      inf   0.0000000000000000e+00
   7.7749999999999986e-01                      inf   0.0000000000000000e+00
   7.8099999999999992e-01                      inf   0.0000000000000000e+00
   7.8449999999999998e-01                      inf   0.0000000000000000e+00
   7.8800000000000003e-01                      inf   0.0000000000000000e+00
   7.9149999999999987e-01                      inf   0.0000000000000000e+00
   7.9499999999999993e-01                      inf   0.0000000000000000e+00
   7.9849999999999999e-01                      inf   0.0000000000000000e+00
   8.0200000000000005e-01                      inf   0.0000000000000000e+00
   8.0549999999999988e-01                      inf   0.0000000000000000e+00
   8.0899999999999994e-01                      inf   0.0000000000000000e+00
   8.1250000000000000e-01                      inf   0.0000000000000000e+00
   8.1599999999999984e-01                      inf   0.0000000000000000e+00
   8.1949999999999990e-01                      inf   0.0000000000000000e+00
   8.2299999999999995e-01                      inf   0.0000000000000000e+00
   8.2650000000000001e-01                      inf   0.0000000000000000e+00
   8.2999999999999985e-01                      inf   0.0000000000000000e+00
   8.3349999999999991e-01                      inf   0.0000000000000000e+00
   8.3699999999999997e-01                      inf   0.0000000000000000e+00
   8.4050000000000002e-01                      inf   0.0000000000000000e+00
   8.4399999999999986e-01                      inf   0.0000000000000000e+00
   8.4749999999999992e-01                      inf   0.0000000000000000e+00
   8.5099999999999998e-01                      inf   0.0000000000000000e+00
   8.5450000000000004e-01                      inf   0.0000000000000000e+00
   8.5799999999999987e-01                      inf   0.0000000000000000e+00
   8.6149999999999993e-01                      inf   0.0000000000000000e+00
   8.6499999999999999e-01                      inf   0.0000000000000000e+00
   8.6850000000000005e-01                      inf   0.0000000000000000e+00
   8.7199999999999989e-01                      inf   0.0000000000000000e+00
   8.7549999999999994e-01                      inf   0.0000000000000000e+00
   8.7900000000000000e-01                      inf   0.0000000000000000e+00
   8.8249999999999984e-01                      inf   0.0000000000000000e+00
   8.8599999999999990e-01                      inf   0.0000000000000000e+00
   8.8949999999999996e-01                      inf   0.0000000000000000e+00
   8.9300000000000002e-01                      inf   0.0000000000000000e+00
   8.9649999999999985e-01                      inf   0.0000000000000000e+00
   8.9999999999999991e-01                      inf   0.0000000000000000e+00
