#! FIELDS coord projection
#! SET min_coord 2.5
#! SET max_coord 7.5
#! SET nbins_coord  301
#! SET periodic_coord false
    2.500000000   15.699540313
    2.516666667   17.037927372
    2.533333333   18.345230270
    2.550000000   19.589889891
    2.566666667   20.746434170
    2.583333333   21.793334264
    2.600000000   22.700543912
    2.616666667   23.437943123
    2.633333333   23.977583160
    2.650000000   24.307441460
    2.666666667   24.438152111
    2.683333333   24.386140035
    2.700000000   24.174325161
    2.716666667   23.824727967
    2.733333333   23.353538315
    2.750000000   22.783415893
    2.766666667   22.141362799
    2.783333333   21.446716033
    2.800000000   20.715613817
    2.816666667   19.960547246
    2.833333333   19.193115965
    2.850000000   18.435501054
    2.866666667   17.710352194
    2.883333333   17.035983590
    2.900000000   16.424619539
    2.916666667   15.875133946
    2.933333333   15.382535685
    2.950000000   14.942985593
    2.966666667   14.550381900
    2.983333333   14.197115195
    3.000000000   13.873708115
    3.016666667   13.570157876
    3.033333333   13.283622187
    3.050000000   13.015067875
    3.066666667   12.766622319
    3.083333333   12.540126077
    3.100000000   12.331744361
    3.116666667   12.137417659
    3.133333333   11.955435600
    3.150000000   11.784549367
    3.166666667   11.625690198
    3.183333333   11.479813515
    3.200000000   11.347068919
    3.216666667   11.228922194
    3.233333333   11.127568221
    3.250000000   11.045629229
    3.266666667   10.984847733
    3.283333333   10.944861359
    3.300000000   10.924382064
    3.316666667   10.921362166
    3.333333333   10.933812056
    3.350000000   10.960609603
    3.366666667   11.000321803
    3.383333333   11.050788771
    3.400000000   11.109374572
    3.416666667   11.172766594
    3.433333333   11.237316742
    3.450000000   11.299440845
    3.466666667   11.355882746
    3.483333333   11.403686935
    3.500000000   11.439613619
    3.516666667   11.460304180
    3.533333333   11.462115252
    3.550000000   11.441859517
    3.566666667   11.397103511
    3.583333333   11.324700779
    3.600000000   11.221872229
    3.616666667   11.086020690
    3.633333333   10.914726093
    3.650000000   10.708278305
    3.666666667   10.469409437
    3.683333333   10.200861140
    3.700000000    9.905808511
    3.716666667    9.587988955
    3.733333333    9.250693881
    3.750000000    8.898187539
    3.766666667    8.534782585
    3.783333333    8.163327471
    3.800000000    7.786391351
    3.816666667    7.406210966
    3.833333333    7.025852610
    3.850000000    6.649785728
    3.866666667    6.282194726
    3.883333333    5.926398618
    3.900000000    5.584917687
    3.916666667    5.259377624
    3.933333333    4.951534985
    3.950000000    4.662833685
    3.966666667    4.393477087
    3.983333333    4.143399375
    4.000000000    3.911997404
    4.016666667    3.699715473
    4.033333333    3.509596782
    4.050000000    3.344041054
    4.066666667    3.205097019
    4.083333333    3.094996546
    4.100000000    3.014767914
    4.116666667    2.965318857
    4.133333333    2.947440303
    4.150000000    2.959527921
    4.166666667    2.997915952
    4.183333333    3.058803488
    4.200000000    3.138373986
    4.216666667    3.233556742
    4.233333333    3.341549500
    4.250000000    3.458787711
    4.266666667    3.581724803
    4.283333333    3.706737747
    4.300000000    3.830624226
    4.316666667    3.950711584
    4.333333333    4.063434082
    4.350000000    4.164729527
    4.366666667    4.250848542
    4.383333333    4.319051757
    4.400000000    4.368729259
    4.416666667    4.400345321
    4.433333333    4.414126822
    4.450000000    4.411113551
    4.466666667    4.392570388
    4.483333333    4.359712765
    4.500000000    4.314712161
    4.516666667    4.258269180
    4.533333333    4.189368971
    4.550000000    4.107181070
    4.566666667    4.010980393
    4.583333333    3.900595694
    4.600000000    3.776607007
    4.616666667    3.639307432
    4.633333333    3.489101742
    4.650000000    3.327355548
    4.666666667    3.156179717
    4.683333333    2.978297953
    4.700000000    2.796188698
    4.716666667    2.611217446
    4.733333333    2.425037841
    4.750000000    2.239865988
    4.766666667    2.058904240
    4.783333333    1.886297702
    4.800000000    1.725759866
    4.816666667    1.580958583
    4.833333333    1.455711300
    4.850000000    1.353502327
    4.866666667    1.277761753
    4.883333333    1.230340137
    4.900000000    1.209599736
    4.916666667    1.213036319
    4.933333333    1.238222690
    4.950000000    1.281831105
    4.966666667    1.341530903
    4.983333333    1.414877876
    5.000000000    1.498841217
    5.016666667    1.591597198
    5.033333333    1.692521006
    5.050000000    1.801562535
    5.066666667    1.918751108
    5.083333333    2.043831915
    5.100000000    2.176519667
    5.116666667    2.316449501
    5.133333333    2.462943559
    5.150000000    2.614591279
    5.166666667    2.769355587
    5.183333333    2.924783718
    5.200000000    3.078713865
    5.216666667    3.229405091
    5.233333333    3.375042538
    5.250000000    3.513867303
    5.266666667    3.644193067
    5.283333333    3.764569925
    5.300000000    3.873979549
    5.316666667    3.971376065
    5.333333333    4.055257638
    5.350000000    4.124294774
    5.366666667    4.177195757
    5.383333333    4.212605934
    5.400000000    4.230190334
    5.416666667    4.229290586
    5.433333333    4.208828650
    5.450000000    4.168900681
    5.466666667    4.110043073
    5.483333333    4.033040879
    5.500000000    3.938873001
    5.516666667    3.827115949
    5.533333333    3.696647566
    5.550000000    3.546744595
    5.566666667    3.377494510
    5.583333333    3.190107576
    5.600000000    2.986209824
    5.616666667    2.767249621
    5.633333333    2.535855697
    5.650000000    2.295473620
    5.666666667    2.050141115
    5.683333333    1.804421519
    5.700000000    1.561104633
    5.716666667    1.322085663
    5.733333333    1.089761482
    5.750000000    0.867090241
    5.766666667    0.659179349
    5.783333333    0.471826379
    5.800000000    0.309212270
    5.816666667    0.176021946
    5.833333333    0.077577933
    5.850000000    0.017646029
    5.866666667    0.000000000
    5.883333333    0.025391589
    5.900000000    0.089972795
    5.916666667    0.189208787
    5.933333333    0.318231405
    5.950000000    0.473056741
    5.966666667    0.650035183
    5.983333333    0.844470020
    6.000000000    1.051962974
    6.016666667    1.268291084
    6.033333333    1.489909224
    6.050000000    1.714512169
    6.066666667    1.938985634
    6.083333333    2.159062112
    6.100000000    2.371093978
    6.116666667    2.572117238
    6.133333333    2.761619829
    6.150000000    2.941058064
    6.166666667    3.111614783
    6.183333333    3.274902965
    6.200000000    3.432575131
    6.216666667    3.586111692
    6.233333333    3.737875818
    6.250000000    3.889528390
    6.266666667    4.041033184
    6.283333333    4.191995593
    6.300000000    4.341757373
    6.316666667    4.490468273
    6.333333333    4.639569874
    6.350000000    4.790113908
    6.366666667    4.942750783
    6.383333333    5.097656185
    6.400000000    5.254427563
    6.416666667    5.413300123
    6.433333333    5.574457831
    6.450000000    5.737288702
    6.466666667    5.901174580
    6.483333333    6.065401885
    6.500000000    6.230374273
    6.516666667    6.398492399
    6.533333333    6.572310717
    6.550000000    6.754304750
    6.566666667    6.946307379
    6.583333333    7.148883264
    6.600000000    7.363127733
    6.616666667    7.590223872
    6.633333333    7.830008557
    6.650000000    8.082061473
    6.666666667    8.344832774
    6.683333333    8.616847274
    6.700000000    8.898351367
    6.716666667    9.189511750
    6.733333333    9.490215575
    6.750000000    9.798270395
    6.766666667   10.108851465
    6.783333333   10.417323217
    6.800000000   10.719635261
    6.816666667   11.012325361
    6.833333333   11.293038710
    6.850000000   11.558691165
    6.866666667   11.807301449
    6.883333333   12.040026776
    6.900000000   12.259296103
    6.916666667   12.469692753
    6.933333333   12.674700166
    6.950000000   12.874264846
    6.966666667   13.068910912
    6.983333333   13.260274032
    7.000000000   13.452442868
    7.016666667   13.653097057
    7.033333333   13.868213303
    7.050000000   14.102583192
    7.066666667   14.362216332
    7.083333333   14.651086339
    7.100000000   14.973795155
    7.116666667   15.332230668
    7.133333333   15.719639658
    7.150000000   16.126145449
    7.166666667   16.540424206
    7.183333333   16.951882837
    7.200000000   17.354303012
    7.216666667   17.740232514
    7.233333333   18.099883039
    7.250000000   18.423472881
    7.266666667   18.699744737
    7.283333333   18.919653221
    7.300000000   19.075673876
    7.316666667   19.157821790
    7.333333333   19.156211398
    7.350000000   19.060986441
    7.366666667   18.869540696
    7.383333333   18.588078419
    7.400000000   18.225298627
    7.416666667   17.792289091
    7.433333333   17.300197080
    7.450000000   16.757550405
    7.466666667   16.175194778
    7.483333333   15.566033681
    7.500000000   14.939545452
