#! FIELDS dist projection
#! SET min_dist 0.2
#! SET max_dist 0.7
#! SET nbins_dist  301
#! SET periodic_dist false
    0.200000000   14.004832502
    0.201666667   14.534100467
    0.203333333   15.055553974
    0.205000000   15.570004703
    0.206666667   16.078193671
    0.208333333   16.580886121
    0.210000000   17.074004632
    0.211666667   17.550938899
    0.213333333   18.008137748
    0.215000000   18.440962854
    0.216666667   18.842786403
    0.218333333   19.205274005
    0.220000000   19.517770161
    0.221666667   19.774322014
    0.223333333   19.974228153
    0.225000000   20.116258531
    0.226666667   20.198285976
    0.228333333   20.209515712
    0.230000000   20.131984702
    0.231666667   19.954459452
    0.233333333   19.665646073
    0.235000000   19.253283362
    0.236666667   18.710774080
    0.238333333   18.029857731
    0.240000000   17.209810075
    0.241666667   16.264914489
    0.243333333   15.215581586
    0.245000000   14.084339335
    0.246666667   12.889115280
    0.248333333   11.643592612
    0.250000000   10.364785229
    0.251666667    9.072596815
    0.253333333    7.789981347
    0.255000000    6.541949736
    0.256666667    5.348249230
    0.258333333    4.229899421
    0.260000000    3.212015077
    0.261666667    2.318332942
    0.263333333    1.573077301
    0.265000000    0.984281747
    0.266666667    0.544495133
    0.268333333    0.243371268
    0.270000000    0.066585974
    0.271666667    0.000000000
    0.273333333    0.033468201
    0.275000000    0.152048578
    0.276666667    0.337971759
    0.278333333    0.579354104
    0.280000000    0.866183936
    0.281666667    1.190913339
    0.283333333    1.544730484
    0.285000000    1.912377969
    0.286666667    2.279262090
    0.288333333    2.633507429
    0.290000000    2.969422968
    0.291666667    3.289352637
    0.293333333    3.596754891
    0.295000000    3.895246323
    0.296666667    4.189481506
    0.298333333    4.483717663
    0.300000000    4.784625759
    0.301666667    5.098213144
    0.303333333    5.425697505
    0.305000000    5.766524746
    0.306666667    6.119086738
    0.308333333    6.483073007
    0.310000000    6.861262387
    0.311666667    7.255769175
    0.313333333    7.667228631
    0.315000000    8.093638480
    0.316666667    8.530176068
    0.318333333    8.972280259
    0.320000000    9.415230816
    0.321666667    9.853617929
    0.323333333   10.282215321
    0.325000000   10.695047351
    0.326666667   11.087462882
    0.328333333   11.457220550
    0.330000000   11.802858349
    0.331666667   12.123742351
    0.333333333   12.419289960
    0.335000000   12.688008137
    0.336666667   12.928758722
    0.338333333   13.141820260
    0.340000000   13.327749138
    0.341666667   13.487390143
    0.343333333   13.621904369
    0.345000000   13.732472085
    0.346666667   13.820393868
    0.348333333   13.887168627
    0.350000000   13.934954425
    0.351666667   13.965520253
    0.353333333   13.979877114
    0.355000000   13.979445000
    0.356666667   13.965298289
    0.358333333   13.938774946
    0.360000000   13.901854515
    0.361666667   13.856287284
    0.363333333   13.803445062
    0.365000000   13.744120605
    0.366666667   13.678744434
    0.368333333   13.607779050
    0.370000000   13.531484197
    0.371666667   13.449951328
    0.373333333   13.363190871
    0.375000000   13.271077610
    0.376666667   13.173918444
    0.378333333   13.072698889
    0.380000000   12.968399674
    0.381666667   12.861906915
    0.383333333   12.753972312
    0.385000000   12.645015859
    0.386666667   12.535423097
    0.388333333   12.425329255
    0.390000000   12.314318407
    0.391666667   12.201733412
    0.393333333   12.086843084
    0.395000000   11.969012983
    0.396666667   11.847854054
    0.398333333   11.723046866
    0.400000000   11.594362865
    0.401666667   11.461843031
    0.403333333   11.325876215
    0.405000000   11.187111477
    0.406666667   11.046362205
    0.408333333   10.904600936
    0.410000000   10.762899680
    0.411666667   10.622374155
    0.413333333   10.483982048
    0.415000000   10.348137315
    0.416666667   10.214713308
    0.418333333   10.083281469
    0.420000000    9.953325355
    0.421666667    9.824476369
    0.423333333    9.696243381
    0.425000000    9.568017682
    0.426666667    9.439034131
    0.428333333    9.308356909
    0.430000000    9.175201054
    0.431666667    9.038837580
    0.433333333    8.898602341
    0.435000000    8.753969984
    0.436666667    8.604380873
    0.438333333    8.449553360
    0.440000000    8.289787678
    0.441666667    8.125584394
    0.443333333    7.957657843
    0.445000000    7.786756350
    0.446666667    7.613340305
    0.448333333    7.438005851
    0.450000000    7.261567650
    0.451666667    7.085222985
    0.453333333    6.910490151
    0.455000000    6.738766482
    0.456666667    6.571284282
    0.458333333    6.409113667
    0.460000000    6.253243056
    0.461666667    6.104515541
    0.463333333    5.963413705
    0.465000000    5.829952528
    0.466666667    5.703732700
    0.468333333    5.583975036
    0.470000000    5.470404831
    0.471666667    5.363206005
    0.473333333    5.262279867
    0.475000000    5.167465505
    0.476666667    5.077736674
    0.478333333    4.991391702
    0.480000000    4.907145848
    0.481666667    4.823850134
    0.483333333    4.740887359
    0.485000000    4.657885220
    0.486666667    4.574103067
    0.488333333    4.489457618
    0.490000000    4.404639067
    0.491666667    4.320828111
    0.493333333    4.239870685
    0.495000000    4.162452838
    0.496666667    4.088449258
    0.498333333    4.018213684
    0.500000000    3.952658045
    0.501666667    3.894661724
    0.503333333    3.848094301
    0.505000000    3.816136876
    0.506666667    3.801438384
    0.508333333    3.806409635
    0.510000000    3.833283234
    0.511666667    3.884226657
    0.513333333    3.958863499
    0.515000000    4.054316549
    0.516666667    4.166541842
    0.518333333    4.290315552
    0.520000000    4.422450503
    0.521666667    4.560950149
    0.523333333    4.702506723
    0.525000000    4.843307312
    0.526666667    4.977668125
    0.528333333    5.099331030
    0.530000000    5.203962336
    0.531666667    5.286820269
    0.533333333    5.342524898
    0.535000000    5.366979746
    0.536666667    5.356059969
    0.538333333    5.309115324
    0.540000000    5.230230394
    0.541666667    5.124525989
    0.543333333    4.997822253
    0.545000000    4.854191518
    0.546666667    4.696977451
    0.548333333    4.531179052
    0.550000000    4.362428135
    0.551666667    4.197630929
    0.553333333    4.043826737
    0.555000000    3.906488628
    0.556666667    3.791929569
    0.558333333    3.707382904
    0.560000000    3.659574886
    0.561666667    3.654303602
    0.563333333    3.691101516
    0.565000000    3.765284158
    0.566666667    3.871560059
    0.568333333    4.002936008
    0.570000000    4.154476210
    0.571666667    4.321977928
    0.573333333    4.499185882
    0.575000000    4.680321955
    0.576666667    4.860531113
    0.578333333    5.035653808
    0.580000000    5.203300792
    0.581666667    5.359996962
    0.583333333    5.500866795
    0.585000000    5.622208912
    0.586666667    5.721424756
    0.588333333    5.799143061
    0.590000000    5.858793222
    0.591666667    5.904077224
    0.593333333    5.939104409
    0.595000000    5.967838584
    0.596666667    5.994477679
    0.598333333    6.024268329
    0.600000000    6.062085761
    0.601666667    6.111582200
    0.603333333    6.176020598
    0.605000000    6.258334067
    0.606666667    6.362128581
    0.608333333    6.491137324
    0.610000000    6.648603991
    0.611666667    6.837301586
    0.613333333    7.057471848
    0.615000000    7.308473104
    0.616666667    7.589290442
    0.618333333    7.898165194
    0.620000000    8.233183058
    0.621666667    8.592496729
    0.623333333    8.974381961
    0.625000000    9.375947788
    0.626666667    9.794020509
    0.628333333   10.225752810
    0.630000000   10.667998019
    0.631666667   11.119059017
    0.633333333   11.578434006
    0.635000000   12.044837316
    0.636666667   12.516890365
    0.638333333   12.993002538
    0.640000000   13.471264156
    0.641666667   13.951396572
    0.643333333   14.431993199
    0.645000000   14.909092345
    0.646666667   15.379056967
    0.648333333   15.838579995
    0.650000000   16.288361379
    0.651666667   16.734024139
    0.653333333   17.180386638
    0.655000000   17.631432694
    0.656666667   18.089848587
    0.658333333   18.555854903
    0.660000000   19.031379251
    0.661666667   19.515985678
    0.663333333   20.002878730
    0.665000000   20.482937197
    0.666666667   20.943880659
    0.668333333   21.375655162
    0.670000000   21.774996387
    0.671666667   22.137081474
    0.673333333   22.454634838
    0.675000000   22.716732089
    0.676666667   22.907143224
    0.678333333   23.012518715
    0.680000000   23.021693903
    0.681666667   22.923298136
    0.683333333   22.707559077
    0.685000000   22.363010908
    0.686666667   21.888818253
    0.688333333   21.296721108
    0.690000000   20.602475157
    0.691666667   19.826905045
    0.693333333   18.988160860
    0.695000000   18.097861491
    0.696666667   17.171246477
    0.698333333   16.226812565
    0.700000000   15.283260234
