#! FIELDS dist ves.fes
#! SET min_dist 0.2
#! SET max_dist 0.7
#! SET nbins_dist  301
#! SET periodic_dist false
    0.200000000   67.466937587
    0.201666667   69.814559536
    0.203333333   69.590383950
    0.205000000   68.044886583
    0.206666667   65.992515619
    0.208333333   63.926466970
    0.210000000   62.109426911
    0.211666667   60.644430587
    0.213333333   59.529381551
    0.215000000   58.698248922
    0.216666667   58.051497179
    0.218333333   57.477901594
    0.220000000   56.869553488
    0.221666667   56.131557701
    0.223333333   55.187664703
    0.225000000   53.982856627
    0.226666667   52.483715919
    0.228333333   50.677243222
    0.230000000   48.568654109
    0.231666667   46.178569073
    0.233333333   43.539915054
    0.235000000   40.694777087
    0.236666667   37.691373235
    0.238333333   34.581272751
    0.240000000   31.416934710
    0.241666667   28.249610486
    0.243333333   25.127627193
    0.245000000   22.095049175
    0.246666667   19.190699977
    0.248333333   16.447516811
    0.250000000   13.892202771
    0.251666667   11.545138058
    0.253333333    9.420509841
    0.255000000    7.526620462
    0.256666667    5.866335159
    0.258333333    4.437632891
    0.260000000    3.234226994
    0.261666667    2.246225944
    0.263333333    1.460808319
    0.265000000    0.862889892
    0.266666667    0.435764662
    0.268333333    0.161705258
    0.270000000    0.022511616
    0.271666667    0.000000000
    0.273333333    0.076427299
    0.275000000    0.234848051
    0.276666667    0.459403844
    0.278333333    0.735546587
    0.280000000    1.050198682
    0.281666667    1.391854334
    0.283333333    1.750627164
    0.285000000    2.118249958
    0.286666667    2.488032785
    0.288333333    2.854785965
    0.290000000    3.214714324
    0.291666667    3.565289108
    0.293333333    3.905103612
    0.295000000    4.233718204
    0.296666667    4.551499995
    0.298333333    4.859461862
    0.300000000    5.159104953
    0.301666667    5.452268261
    0.303333333    5.740988211
    0.305000000    6.027370650
    0.306666667    6.313477037
    0.308333333    6.601226107
    0.310000000    6.892311748
    0.311666667    7.188137405
    0.313333333    7.489766860
    0.315000000    7.797890906
    0.316666667    8.112809104
    0.318333333    8.434425532
    0.320000000    8.762257247
    0.321666667    9.095454003
    0.323333333    9.432827658
    0.325000000    9.772889623
    0.326666667   10.113894706
    0.328333333   10.453889677
    0.330000000   10.790764955
    0.331666667   11.122307872
    0.333333333   11.446256085
    0.335000000   11.760349809
    0.336666667   12.062381693
    0.338333333   12.350243310
    0.340000000   12.621967378
    0.341666667   12.875765006
    0.343333333   13.110057409
    0.345000000   13.323501705
    0.346666667   13.515010562
    0.348333333   13.683765605
    0.350000000   13.829224641
    0.351666667   13.951122876
    0.353333333   14.049468437
    0.355000000   14.124532564
    0.356666667   14.176834989
    0.358333333   14.207125026
    0.360000000   14.216358989
    0.361666667   14.205674588
    0.363333333   14.176362965
    0.365000000   14.129839056
    0.366666667   14.067610953
    0.368333333   13.991248929
    0.370000000   13.902354756
    0.371666667   13.802531916
    0.373333333   13.693357245
    0.375000000   13.576354509
    0.376666667   13.452970339
    0.378333333   13.324552902
    0.380000000   13.192333583
    0.381666667   13.057411929
    0.383333333   12.920743991
    0.385000000   12.783134151
    0.386666667   12.645230448
    0.388333333   12.507523351
    0.390000000   12.370347860
    0.391666667   12.233888760
    0.393333333   12.098188802
    0.395000000   11.963159543
    0.396666667   11.828594527
    0.398333333   11.694184469
    0.400000000   11.559534062
    0.401666667   11.424180039
    0.403333333   11.287610070
    0.405000000   11.149282113
    0.406666667   11.008643820
    0.408333333   10.865151599
    0.410000000   10.718288994
    0.411666667   10.567584004
    0.413333333   10.412625062
    0.415000000   10.253075363
    0.416666667   10.088685311
    0.418333333    9.919302882
    0.420000000    9.744881734
    0.421666667    9.565486948
    0.423333333    9.381298332
    0.425000000    9.192611267
    0.426666667    8.999835095
    0.428333333    8.803489132
    0.430000000    8.604196403
    0.431666667    8.402675236
    0.433333333    8.199728903
    0.435000000    7.996233523
    0.436666667    7.793124447
    0.438333333    7.591381421
    0.440000000    7.392012774
    0.441666667    7.196038959
    0.443333333    7.004475725
    0.445000000    6.818317257
    0.446666667    6.638519558
    0.448333333    6.465984403
    0.450000000    6.301544137
    0.451666667    6.145947584
    0.453333333    5.999847341
    0.455000000    5.863788650
    0.456666667    5.738200075
    0.458333333    5.623386127
    0.460000000    5.519521988
    0.461666667    5.426650410
    0.463333333    5.344680860
    0.465000000    5.273390927
    0.466666667    5.212429965
    0.468333333    5.161324925
    0.470000000    5.119488264
    0.471666667    5.086227827
    0.473333333    5.060758502
    0.475000000    5.042215483
    0.476666667    5.029668902
    0.478333333    5.022139590
    0.480000000    5.018615686
    0.481666667    5.018069835
    0.483333333    5.019476660
    0.485000000    5.021830211
    0.486666667    5.024161105
    0.488333333    5.025553038
    0.490000000    5.025158393
    0.491666667    5.022212669
    0.493333333    5.016047466
    0.495000000    5.006101801
    0.496666667    4.991931538
    0.498333333    4.973216770
    0.500000000    4.949766990
    0.501666667    4.921523967
    0.503333333    4.888562243
    0.505000000    4.851087240
    0.506666667    4.809430977
    0.508333333    4.764045469
    0.510000000    4.715493898
    0.511666667    4.664439699
    0.513333333    4.611633745
    0.515000000    4.557899830
    0.516666667    4.504118721
    0.518333333    4.451211038
    0.520000000    4.400119274
    0.521666667    4.351789280
    0.523333333    4.307151542
    0.525000000    4.267102620
    0.526666667    4.232487077
    0.528333333    4.204080268
    0.530000000    4.182572308
    0.531666667    4.168553570
    0.533333333    4.162501996
    0.535000000    4.164772498
    0.536666667    4.175588707
    0.538333333    4.195037261
    0.540000000    4.223064792
    0.541666667    4.259477732
    0.543333333    4.303944992
    0.545000000    4.356003526
    0.546666667    4.415066731
    0.548333333    4.480435569
    0.550000000    4.551312268
    0.551666667    4.626816357
    0.553333333    4.706002795
    0.555000000    4.787881853
    0.556666667    4.871440386
    0.558333333    4.955664101
    0.560000000    5.039560378
    0.561666667    5.122181172
    0.563333333    5.202645539
    0.565000000    5.280161266
    0.566666667    5.354045159
    0.568333333    5.423741479
    0.570000000    5.488838105
    0.571666667    5.549079993
    0.573333333    5.604379565
    0.575000000    5.654823711
    0.576666667    5.700677155
    0.578333333    5.742382007
    0.580000000    5.780553401
    0.581666667    5.815971215
    0.583333333    5.849567968
    0.585000000    5.882413055
    0.586666667    5.915693630
    0.588333333    5.950692492
    0.590000000    5.988763468
    0.591666667    6.031304838
    0.593333333    6.079731466
    0.595000000    6.135446332
    0.596666667    6.199812255
    0.598333333    6.274124590
    0.600000000    6.359585766
    0.601666667    6.457282462
    0.603333333    6.568166254
    0.605000000    6.693038484
    0.606666667    6.832540031
    0.608333333    6.987146584
    0.610000000    7.157169858
    0.611666667    7.342765070
    0.613333333    7.543944778
    0.615000000    7.760599019
    0.616666667    7.992521431
    0.618333333    8.239440817
    0.620000000    8.501057364
    0.621666667    8.777082461
    0.623333333    9.067280841
    0.625000000    9.371513505
    0.626666667    9.689779684
    0.628333333   10.022255936
    0.630000000   10.369330303
    0.631666667   10.731629403
    0.633333333   11.110036330
    0.635000000   11.505697287
    0.636666667   11.920015076
    0.638333333   12.354627851
    0.640000000   12.811371929
    0.641666667   13.292228008
    0.643333333   13.799250784
    0.645000000   14.334482797
    0.646666667   14.899854223
    0.648333333   15.497071453
    0.650000000   16.127498395
    0.651666667   16.792035746
    0.653333333   17.491004704
    0.655000000   18.224042894
    0.656666667   18.990021446
    0.658333333   19.786993143
    0.660000000   20.612182289
    0.661666667   21.462027201
    0.663333333   22.332285864
    0.665000000   23.218214154
    0.666666667   24.114823782
    0.668333333   25.017223476
    0.670000000   25.921041610
    0.671666667   26.822920985
    0.673333333   27.721066350
    0.675000000   28.615811937
    0.676666667   29.510159173
    0.678333333   30.410212917
    0.680000000   31.325417451
    0.681666667   32.268459750
    0.683333333   33.254666425
    0.685000000   34.300670685
    0.686666667   35.422065399
    0.688333333   36.629686175
    0.690000000   37.924082487
    0.691666667   39.287633223
    0.693333333   40.673643277
    0.695000000   41.991617424
    0.696666667   43.087743743
    0.698333333   43.719428183
    0.700000000   43.522500832
