#! FIELDS dist targetdist
#! SET min_dist 0.2
#! SET max_dist 0.7
#! SET nbins_dist  301
#! SET periodic_dist false
    0.200000000    0.206664936
    0.201666667    0.186091007
    0.203333333    0.186683422
    0.205000000    0.198107828
    0.206666667    0.214972413
    0.208333333    0.233646629
    0.210000000    0.251520101
    0.211666667    0.266952539
    0.213333333    0.279290604
    0.215000000    0.288747887
    0.216666667    0.296158188
    0.218333333    0.302695027
    0.220000000    0.309641726
    0.221666667    0.318250029
    0.223333333    0.329683341
    0.225000000    0.345019416
    0.226666667    0.365283993
    0.228333333    0.391492595
    0.230000000    0.424685128
    0.231666667    0.465943768
    0.233333333    0.516388213
    0.235000000    0.577144544
    0.236666667    0.649285754
    0.238333333    0.733744461
    0.240000000    0.831201856
    0.241666667    0.941961631
    0.243333333    1.065822715
    0.245000000    1.201968979
    0.246666667    1.348896219
    0.248333333    1.504395235
    0.250000000    1.665604185
    0.251666667    1.829133940
    0.253333333    1.991258561
    0.255000000    2.148151748
    0.256666667    2.296141779
    0.258333333    2.431954117
    0.260000000    2.552913161
    0.261666667    2.657081949
    0.263333333    2.743328998
    0.265000000    2.811322534
    0.266666667    2.861461880
    0.268333333    2.894762197
    0.270000000    2.912711555
    0.271666667    2.917118775
    0.273333333    2.909967488
    0.275000000    2.893287530
    0.276666667    2.869050225
    0.278333333    2.839089940
    0.280000000    2.805051158
    0.281666667    2.768358169
    0.283333333    2.730203362
    0.285000000    2.691549786
    0.286666667    2.653143869
    0.288333333    2.615534736
    0.290000000    2.579097276
    0.291666667    2.544056794
    0.293333333    2.510513737
    0.295000000    2.478467476
    0.296666667    2.447838551
    0.298333333    2.418489044
    0.300000000    2.390240929
    0.301666667    2.362892375
    0.303333333    2.336232000
    0.305000000    2.310051120
    0.306666667    2.284154035
    0.308333333    2.258366373
    0.310000000    2.232541556
    0.311666667    2.206565419
    0.313333333    2.180359062
    0.315000000    2.153880047
    0.316666667    2.127122063
    0.318333333    2.100113244
    0.320000000    2.072913331
    0.321666667    2.045609929
    0.323333333    2.018314080
    0.325000000    1.991155419
    0.326666667    1.964277136
    0.328333333    1.937830972
    0.330000000    1.911972424
    0.331666667    1.886856325
    0.333333333    1.862632893
    0.335000000    1.839444345
    0.336666667    1.817422085
    0.338333333    1.796684493
    0.340000000    1.777335280
    0.341666667    1.759462369
    0.343333333    1.743137245
    0.345000000    1.728414710
    0.346666667    1.715332982
    0.348333333    1.703914067
    0.350000000    1.694164354
    0.351666667    1.686075374
    0.353333333    1.679624695
    0.355000000    1.674776903
    0.356666667    1.671484669
    0.358333333    1.669689864
    0.360000000    1.669324725
    0.361666667    1.670313067
    0.363333333    1.672571533
    0.365000000    1.676010889
    0.366666667    1.680537351
    0.368333333    1.686053958
    0.370000000    1.692461965
    0.371666667    1.699662257
    0.373333333    1.707556772
    0.375000000    1.716049904
    0.376666667    1.725049870
    0.378333333    1.734470020
    0.380000000    1.744230050
    0.381666667    1.754257106
    0.383333333    1.764486737
    0.385000000    1.774863683
    0.386666667    1.785342472
    0.388333333    1.795887811
    0.390000000    1.806474760
    0.391666667    1.817088681
    0.393333333    1.827724967
    0.395000000    1.838388566
    0.396666667    1.849093295
    0.398333333    1.859860982
    0.400000000    1.870720450
    0.401666667    1.881706371
    0.403333333    1.892858016
    0.405000000    1.904217937
    0.406666667    1.915830599
    0.408333333    1.927741000
    0.410000000    1.939993300
    0.411666667    1.952629487
    0.413333333    1.965688092
    0.415000000    1.979202991
    0.416666667    1.993202291
    0.418333333    2.007707326
    0.420000000    2.022731783
    0.421666667    2.038280950
    0.423333333    2.054351120
    0.425000000    2.070929142
    0.426666667    2.087992143
    0.428333333    2.105507420
    0.430000000    2.123432513
    0.431666667    2.141715462
    0.433333333    2.160295256
    0.435000000    2.179102478
    0.436666667    2.198060133
    0.438333333    2.217084663
    0.440000000    2.236087146
    0.441666667    2.254974647
    0.443333333    2.273651710
    0.445000000    2.292021982
    0.446666667    2.309989902
    0.448333333    2.327462461
    0.450000000    2.344350966
    0.451666667    2.360572772
    0.453333333    2.376052952
    0.455000000    2.390725836
    0.456666667    2.404536402
    0.458333333    2.417441460
    0.460000000    2.429410609
    0.461666667    2.440426921
    0.463333333    2.450487354
    0.465000000    2.459602862
    0.466666667    2.467798201
    0.468333333    2.475111450
    0.470000000    2.481593244
    0.471666667    2.487305749
    0.473333333    2.492321405
    0.475000000    2.496721475
    0.476666667    2.500594427
    0.478333333    2.504034202
    0.480000000    2.507138399
    0.481666667    2.510006423
    0.483333333    2.512737624
    0.485000000    2.515429479
    0.486666667    2.518175830
    0.488333333    2.521065219
    0.490000000    2.524179341
    0.491666667    2.527591622
    0.493333333    2.531365962
    0.495000000    2.535555635
    0.496666667    2.540202362
    0.498333333    2.545335572
    0.500000000    2.550971854
    0.501666667    2.557114604
    0.503333333    2.563753874
    0.505000000    2.570866433
    0.506666667    2.578416037
    0.508333333    2.586353922
    0.510000000    2.594619511
    0.511666667    2.603141340
    0.513333333    2.611838211
    0.515000000    2.620620545
    0.516666667    2.629391945
    0.518333333    2.638050932
    0.520000000    2.646492860
    0.521666667    2.654611942
    0.523333333    2.662303388
    0.525000000    2.669465591
    0.526666667    2.676002315
    0.528333333    2.681824842
    0.530000000    2.686854012
    0.531666667    2.691022102
    0.533333333    2.694274493
    0.535000000    2.696571070
    0.536666667    2.697887300
    0.538333333    2.698214970
    0.540000000    2.697562538
    0.541666667    2.695955089
    0.543333333    2.693433888
    0.545000000    2.690055544
    0.546666667    2.685890800
    0.548333333    2.681022976
    0.550000000    2.675546121
    0.551666667    2.669562906
    0.553333333    2.663182318
    0.555000000    2.656517219
    0.556666667    2.649681822
    0.558333333    2.642789134
    0.560000000    2.635948438
    0.561666667    2.629262846
    0.563333333    2.622826982
    0.565000000    2.616724828
    0.566666667    2.611027766
    0.568333333    2.605792853
    0.570000000    2.601061355
    0.571666667    2.596857552
    0.573333333    2.593187851
    0.575000000    2.590040213
    0.576666667    2.587383918
    0.578333333    2.585169685
    0.580000000    2.583330155
    0.581666667    2.581780757
    0.583333333    2.580420955
    0.585000000    2.579135889
    0.586666667    2.577798386
    0.588333333    2.576271339
    0.590000000    2.574410406
    0.591666667    2.572066998
    0.593333333    2.569091479
    0.595000000    2.565336506
    0.596666667    2.560660413
    0.598333333    2.554930528
    0.600000000    2.548026299
    0.601666667    2.539842125
    0.603333333    2.530289739
    0.605000000    2.519300062
    0.606666667    2.506824401
    0.608333333    2.492834928
    0.610000000    2.477324393
    0.611666667    2.460305040
    0.613333333    2.441806764
    0.615000000    2.421874541
    0.616666667    2.400565252
    0.618333333    2.377943994
    0.620000000    2.354080052
    0.621666667    2.329042693
    0.623333333    2.302896983
    0.625000000    2.275699814
    0.626666667    2.247496358
    0.628333333    2.218317127
    0.630000000    2.188175847
    0.631666667    2.157068299
    0.633333333    2.124972284
    0.635000000    2.091848822
    0.636666667    2.057644651
    0.638333333    2.022296051
    0.640000000    1.985733935
    0.641666667    1.947890079
    0.643333333    1.908704282
    0.645000000    1.868132121
    0.646666667    1.826152908
    0.648333333    1.782777335
    0.650000000    1.738054252
    0.651666667    1.692075983
    0.653333333    1.644981592
    0.655000000    1.596957603
    0.656666667    1.548235787
    0.658333333    1.499087809
    0.660000000    1.449816742
    0.661666667    1.400745679
    0.663333333    1.352203877
    0.665000000    1.304511042
    0.666666667    1.257960485
    0.668333333    1.212801919
    0.670000000    1.169224712
    0.671666667    1.127342375
    0.673333333    1.087179181
    0.675000000    1.048659938
    0.676666667    1.011604338
    0.678333333    0.975727863
    0.680000000    0.940652012
    0.681666667    0.905927437
    0.683333333    0.871074135
    0.685000000    0.835642700
    0.686666667    0.799299237
    0.688333333    0.761933450
    0.690000000    0.723785278
    0.691666667    0.685582155
    0.693333333    0.648681576
    0.695000000    0.615230849
    0.696666667    0.588403180
    0.698333333    0.572877611
    0.700000000    0.575982232
