    0   0.0000000000000000e+00   0.0000000000000000e+00
   10   0.0000000000000000e+00   0.0000000000000000e+00
   20   -1.1062666718469637e-01   -4.5409343727443252e-01
   30   -2.8176965867690112e-01   -7.9483780826331696e-01
   40   -4.8234448186309525e-01   -1.2824061644357247e+00
   50   -7.0058371884592752e-01   -1.7346717439500976e+00
   60   -8.7385860751140376e-01   -1.7902848128369728e+00
   70   -1.0219178414689210e+00   -2.0925194548317116e+00
   80   -1.1699658297494027e+00   -2.2116867881083251e+00
   90   -1.3007555038190479e+00   -2.6126277782475884e+00
  100   -1.4475339086321162e+00   -2.8354023733392939e+00
  110   -1.5737037690600415e+00   -2.8354023733392939e+00
  120   -1.6807735713760397e+00   -2.8816804203647446e+00
  130   -1.7731510212982478e+00   -2.8816804203647446e+00
  140   -1.8644613416985971e+00   -3.2386566441463800e+00
  150   -1.9687781998411527e+00   -3.6161336594767324e+00
  160   -2.0831180184535469e+00   -3.8429242806166672e+00
  170   -2.1866360338749073e+00   -3.8429242806166672e+00
  180   -2.2786520475827827e+00   -3.8429242806166672e+00
  190   -2.3634878005653803e+00   -4.0033021760049374e+00
  200   -2.4496149549624748e+00   -4.0952040417771380e+00
  210   -2.5364378332901683e+00   -4.3755104057684671e+00
  220   -2.6244754965353296e+00   -4.5674983204210093e+00
  230   -2.7144136885302061e+00   -4.7922210461566506e+00
  240   -2.8083379289862069e+00   -5.1455750533045457e+00
  250   -2.9065862064388632e+00   -5.4409944741222454e+00
  260   -3.0111726184419831e+00   -5.6896150062623443e+00
  270   -3.1103741883612552e+00   -5.6896150062623443e+00
  280   -3.2024899318577229e+00   -5.6896150062623443e+00
  290   -3.2895880045512693e+00   -5.8378027540055442e+00
  300   -3.3823554079164060e+00   -6.2405572920593047e+00
  310   -3.4745554686952094e+00   -6.2405572920593047e+00
  320   -3.5609930256753373e+00   -6.2405572920593047e+00
  330   -3.6421919428384881e+00   -6.2405572920593047e+00
  340   -3.7208002998064758e+00   -6.3525829776000027e+00
  350   -3.7968322713661649e+00   -6.3892533860944809e+00
  360   -3.8688439689975067e+00   -6.3892533860944809e+00
  370   -3.9369631424325608e+00   -6.3892533860944809e+00
  380   -4.0061480714587319e+00   -6.7068892159164255e+00
  390   -4.0782877590020803e+00   -6.8268762127457592e+00
  400   -4.1470024703456714e+00   -6.8268762127457592e+00
  410   -4.2138585307162701e+00   -6.9055481982597016e+00
  420   -4.2779463799434954e+00   -6.9055481982597016e+00
  430   -4.3403853935269971e+00   -7.0328978269829996e+00
  440   -4.4030780192145356e+00   -7.2279213965196716e+00
  450   -4.4710328594834694e+00   -7.5448690190677405e+00
  460   -4.5378553846918237e+00   -7.5448690190677405e+00
  470   -4.6018343981891840e+00   -7.5448690190677405e+00
  480   -4.6644177069460788e+00   -7.7412019131406593e+00
  490   -4.7289916241661114e+00   -7.9216922695177505e+00
  500   -4.7956174234158988e+00   -8.0807991384731590e+00
  510   -4.8600327511621186e+00   -8.0807991384731590e+00
  520   -4.9224473226595746e+00   -8.1515056963022179e+00
  530   -4.9863018576393534e+00   -8.3666174033891352e+00
  540   -5.0489002936717577e+00   -8.3666174033891352e+00
  550   -5.1092224229393466e+00   -8.3666174033891352e+00
  560   -5.1673901904473780e+00   -8.3666174033891352e+00
  570   -5.2242794995110975e+00   -8.4537271804166139e+00
  580   -5.2799596319405033e+00   -8.4537271804166139e+00
  590   -5.3337523022536573e+00   -8.4537271804166139e+00
  600   -5.3861967714564214e+00   -8.5622510401864940e+00
  610   -5.4389446247980233e+00   -8.6385956471862286e+00
  620   -5.4930859424309419e+00   -8.8743168511708568e+00
  630   -5.5477904984682214e+00   -9.0645939188951239e+00
  640   -5.6031737091216112e+00   -9.0992464956325811e+00
  650   -5.6569594442987032e+00   -9.0992464956325811e+00
  660   -5.7093223286505284e+00   -9.1672076454653624e+00
  670   -5.7611761378782980e+00   -9.1876075222724598e+00
  680   -5.8119189630400179e+00   -9.2220085602764783e+00
  690   -5.8622386973191167e+00   -9.3597421794575961e+00
  700   -5.9128937382529507e+00   -9.4287952543642461e+00
  710   -5.9624134779164901e+00   -9.4287952543642461e+00
  720   -6.0145351233178692e+00   -1.0046781648087958e+01
  730   -6.0709138475216760e+00   -1.0143537800148522e+01
  740   -6.1263820778273503e+00   -1.0274094631639210e+01
  750   -6.1834251993441010e+00   -1.0439539625203833e+01
  760   -6.2415462502251557e+00   -1.0761179949986401e+01
  770   -6.3010564466003371e+00   -1.0827201591074441e+01
  780   -6.3590839484525699e+00   -1.0827201591074441e+01
  790   -6.4157043539249559e+00   -1.0876145488042253e+01
  800   -6.4733067606547712e+00   -1.1138075012475959e+01
  810   -6.5330237480269426e+00   -1.1428567681868930e+01
  820   -6.5944228234951412e+00   -1.1659375145959217e+01
  830   -6.6569564758120947e+00   -1.1865970782891448e+01
  840   -6.7210688799864782e+00   -1.2159368915294364e+01
  850   -6.7856350743675966e+00   -1.2225843840373214e+01
  860   -6.8488933158327781e+00   -1.2225843840373214e+01
  870   -6.9108122932715954e+00   -1.2259178882495048e+01
  880   -6.9730383786691137e+00   -1.2422252665304441e+01
  890   -7.0357975600838358e+00   -1.2592414043617142e+01
  900   -7.0975377432342057e+00   -1.2592414043617142e+01
  910   -7.1581010872862985e+00   -1.2625190060332097e+01
  920   -7.2175259674281023e+00   -1.2625190060332097e+01
  930   -7.2756728931582533e+00   -1.2625190060332097e+01
  940   -7.3327511718860299e+00   -1.2718070247104595e+01
  950   -7.3905725455851474e+00   -1.2845109773581015e+01
  960   -7.4479930986207901e+00   -1.2947693678272939e+01
  970   -7.5051440280128086e+00   -1.3000793168509812e+01
  980   -7.5612220804668597e+00   -1.3000793168509812e+01
  990   -7.6161672429723453e+00   -1.3000793168509812e+01
 1000   -7.6700135022277198e+00   -1.3000793168509812e+01
 1010   -7.7237909921796897e+00   -1.3245254252682356e+01
 1020   -7.7792089431815405e+00   -1.3480349585194016e+01
 1030   -7.8357085862017151e+00   -1.3726552329353494e+01
 1040   -7.8938867448101107e+00   -1.4028696011899852e+01
 1050   -7.9523134997347746e+00   -1.4028696011899852e+01
 1060   -8.0101094481943171e+00   -1.4184153739864961e+01
 1070   -8.0688343970070164e+00   -1.4372790056690635e+01
 1080   -8.1281920073225127e+00   -1.4493656170519900e+01
 1090   -8.1865907611133135e+00   -1.4493656170519900e+01
 1100   -8.2447087881682908e+00   -1.4589154865242808e+01
 1110   -8.3025297915007030e+00   -1.4764904617977466e+01
 1120   -8.3601927896716930e+00   -1.4740185299986168e+01
 1130   -8.4175863832830995e+00   -1.4881460468403819e+01
 1140   -8.4754122151173874e+00   -1.5147941137106265e+01
 1150   -8.5342376428827933e+00   -1.5270847760469289e+01
 1160   -8.5942851550395964e+00   -1.5722387599010972e+01
 1170   -8.6564489073299775e+00   -1.5977515128089863e+01
 1180   -8.7184918414042141e+00   -1.5977515128089863e+01
 1190   -8.7795185482420646e+00   -1.6009063398275323e+01
 1200   -8.8407867945288494e+00   -1.6196963807902769e+01
 1210   -8.9026514528660279e+00   -1.6497956241057850e+01
 1220   -8.9662328841980461e+00   -1.6793132640352766e+01
 1230   -9.0309996046816767e+00   -1.7056701785748611e+01
 1240   -9.0969437548137702e+00   -1.7249888446591463e+01
 1250   -9.1625126381524939e+00   -1.7336078503879808e+01
 1260   -9.2275295670603779e+00   -1.7432647362332197e+01
 1270   -9.2927297709891121e+00   -1.7556217842290145e+01
 1280   -9.3581281454120635e+00   -1.7754530322887081e+01
 1290   -9.4232165343847356e+00   -1.7754530322887081e+01
 1300   -9.4873035635270622e+00   -1.7754530322887081e+01
 1310   -9.5504121647435536e+00   -1.7754530322887081e+01
 1320   -9.6127728332748656e+00   -1.7785074865097609e+01
 1330   -9.6742187132133850e+00   -1.7785074865097609e+01
 1340   -9.7347474904662530e+00   -1.7785074865097609e+01
 1350   -9.7945146074749942e+00   -1.7876743275972434e+01
 1360   -9.8546811643093655e+00   -1.8027642163332626e+01
 1370   -9.9143378139372729e+00   -1.8027642163332626e+01
 1380   -9.9733229610050618e+00   -1.8086725623054623e+01
 1390   -1.0031692764329156e+01   -1.8086725623054623e+01
 1400   -1.0089620763839694e+01   -1.8178261587197362e+01
 1410   -1.0147406531520369e+01   -1.8296303092783905e+01
 1420   -1.0205757154424642e+01   -1.8546639301001044e+01
 1430   -1.0264147336867016e+01   -1.8605948674085941e+01
 1440   -1.0322238988194737e+01   -1.8649320142617444e+01
 1450   -1.0380133872121807e+01   -1.8766877938045379e+01
 1460   -1.0438110505718120e+01   -1.8886598543975740e+01
 1470   -1.0495787274596692e+01   -1.8916595530868268e+01
 1480   -1.0553499067784847e+01   -1.9161379217921933e+01
 1490   -1.0612353447609612e+01   -1.9362093766747002e+01
 1500   -1.0670685049737195e+01   -1.9362093766747002e+01
 1510   -1.0728490166753254e+01   -1.9475365005759272e+01
 1520   -1.0787143297437328e+01   -1.9692718438589480e+01
 1530   -1.0845874856005928e+01   -1.9875235976384300e+01
 1540   -1.0905642401134333e+01   -2.0209601539334862e+01
 1550   -1.0965834406795446e+01   -2.0266983860509541e+01
 1560   -1.1025457159703869e+01   -2.0266983860509541e+01
 1570   -1.1084320387097534e+01   -2.0266983860509541e+01
 1580   -1.1142438510346979e+01   -2.0266983860509541e+01
 1590   -1.1199825588020957e+01   -2.0266983860509541e+01
 1600   -1.1256495327224011e+01   -2.0266983860509541e+01
 1610   -1.1312461094511502e+01   -2.0266983860509541e+01
 1620   -1.1368151889853685e+01   -2.0351220124060269e+01
 1630   -1.1423262737916300e+01   -2.0351220124060269e+01
 1640   -1.1478126590706260e+01   -2.0467874448644785e+01
 1650   -1.1533205625383893e+01   -2.0695914183823223e+01
 1660   -1.1588751046922365e+01   -2.0763116471638355e+01
 1670   -1.1643737753219447e+01   -2.0828704917352653e+01
 1680   -1.1698427413756418e+01   -2.0857662978125671e+01
 1690   -1.1753106808660265e+01   -2.0952765211577386e+01
 1700   -1.1807387324770458e+01   -2.1065836482576298e+01
 1710   -1.1862364256941627e+01   -2.1251131657010784e+01
 1720   -1.1916950113918775e+01   -2.1251131657010784e+01
 1730   -1.1970904920526245e+01   -2.1251131657010784e+01
 1740   -1.2024239556942820e+01   -2.1251131657010784e+01
 1750   -1.2076964654657493e+01   -2.1251131657010784e+01
 1760   -1.2129387784510884e+01   -2.1389785408198254e+01
 1770   -1.2182262784412083e+01   -2.1550191976432277e+01
 1780   -1.2234955656519523e+01   -2.1578697084191791e+01
 1790   -1.2287208216053171e+01   -2.1644837703058197e+01
 1800   -1.2339800287410048e+01   -2.1780064130211183e+01
 1810   -1.2392415792382808e+01   -2.2006015486489183e+01
 1820   -1.2445808500606461e+01   -2.2117759937705987e+01
 1830   -1.2499058788100625e+01   -2.2305038202475824e+01
 1840   -1.2552352154483099e+01   -2.2305038202475824e+01
 1850   -1.2605069376364142e+01   -2.2305038202475824e+01
 1860   -1.2657219746397001e+01   -2.2305038202475824e+01
 1870   -1.2708812358461596e+01   -2.2305038202475824e+01
 1880   -1.2760290646061588e+01   -2.2414069591221992e+01
 1890   -1.2811712768589681e+01   -2.2536681791544765e+01
 1900   -1.2862896816078919e+01   -2.2536681791544765e+01
 1910   -1.2913544904955703e+01   -2.2536681791544765e+01
 1920   -1.2963665409573355e+01   -2.2536681791544765e+01
 1930   -1.3013266530723467e+01   -2.2536681791544765e+01
 1940   -1.3062878906467555e+01   -2.2679579861943722e+01
 1950   -1.3112578580383392e+01   -2.2871484937922922e+01
 1960   -1.3162698772985642e+01   -2.2945852193672643e+01
 1970   -1.3212418831796583e+01   -2.2990754948644039e+01
 1980   -1.3262404473674300e+01   -2.3190332093949699e+01
 1990   -1.3312546386473139e+01   -2.3328296918027903e+01
 2000   -1.3363282068856357e+01   -2.3616288414082536e+01
 2010   -1.3414613906862696e+01   -2.3701185821332025e+01
 2020   -1.3465537530201653e+01   -2.3701185821332025e+01
 2030   -1.3515959442965842e+01   -2.3701185821332025e+01
 2040   -1.3566045841928529e+01   -2.3771035720958270e+01
 2050   -1.3616168790337460e+01   -2.3849295527324909e+01
 2060   -1.3665844162847108e+01   -2.3849295527324909e+01
 2070   -1.3715039580066808e+01   -2.3849295527324909e+01
 2080   -1.3763761964428625e+01   -2.3849295527324909e+01
 2090   -1.3812018105877888e+01   -2.3849295527324909e+01
 2100   -1.3859814665027637e+01   -2.3849295527324909e+01
 2110   -1.3907549844524487e+01   -2.3986949551323868e+01
 2120   -1.3955313582454817e+01   -2.4108474453561673e+01
 2130   -1.4003127773651318e+01   -2.4226149022771594e+01
 2140   -1.4051338438183720e+01   -2.4394376299170901e+01
 2150   -1.4099844224570127e+01   -2.4472859086844906e+01
 2160   -1.4148239948246090e+01   -2.4624125424521370e+01
 2170   -1.4197046207951006e+01   -2.4786546958853584e+01
 2180   -1.4246424365063826e+01   -2.5050756174291699e+01
 2190   -1.4295771426220210e+01   -2.5077502014492005e+01
 2200   -1.4345026351492852e+01   -2.5155544655999048e+01
 2210   -1.4394075708905707e+01   -2.5262248113192957e+01
 2220   -1.4443446607109683e+01   -2.5455954850180788e+01
 2230   -1.4493055619866563e+01   -2.5508784221304435e+01
 2240   -1.4542232979694409e+01   -2.5508784221304435e+01
 2250   -1.4591029563895175e+01   -2.5559659318941044e+01
 2260   -1.4639563323873254e+01   -2.5559659318941044e+01
 2270   -1.4687669473631262e+01   -2.5559659318941044e+01
 2280   -1.4735353639619461e+01   -2.5559659318941044e+01
 2290   -1.4782726359702188e+01   -2.5586378451855538e+01
 2300   -1.4829698760102856e+01   -2.5586378451855538e+01
 2310   -1.4876264473054166e+01   -2.5586378451855538e+01
 2320   -1.4922461651117384e+01   -2.5636589495135883e+01
 2330   -1.4968559594414261e+01   -2.5663282439289222e+01
 2340   -1.5014376391543570e+01   -2.5718851767328996e+01
 2350   -1.5060028522156918e+01   -2.5745268787719318e+01
 2360   -1.5105459224972931e+01   -2.5797156698105923e+01
 2370   -1.5150616365324847e+01   -2.5823518673783500e+01
 2380   -1.5195460492671312e+01   -2.5823518673783500e+01
 2390   -1.5239929355353787e+01   -2.5823518673783500e+01
 2400   -1.5284027644180577e+01   -2.5823518673783500e+01
 2410   -1.5328114496481144e+01   -2.6008569600104824e+01
 2420   -1.5372248608479588e+01   -2.6008569600104824e+01
 2430   -1.5416072325796650e+01   -2.6021443046989383e+01
 2440   -1.5459642338714557e+01   -2.6123993014321968e+01
 2450   -1.5503554362199672e+01   -2.6287841864981132e+01
 2460   -1.5547392929284149e+01   -2.6287841864981132e+01
 2470   -1.5590876528214096e+01   -2.6287841864981132e+01
 2480   -1.5634009452959125e+01   -2.6287841864981132e+01
 2490   -1.5676999798641130e+01   -2.6388793551423699e+01
 2500   -1.5719846973652263e+01   -2.6388793551423699e+01
 2510   -1.5762362812877187e+01   -2.6414084228267622e+01
 2520   -1.5805066444149137e+01   -2.6690622137270839e+01
 2530   -1.5848554944446313e+01   -2.6920113204982872e+01
 2540   -1.5892143756495669e+01   -2.6920113204982872e+01
 2550   -1.5935501423531727e+01   -2.7026757922124371e+01
 2560   -1.5979415349671250e+01   -2.7240515045542640e+01
 2570   -1.6023483135568288e+01   -2.7317699470289121e+01
 2580   -1.6067620917427945e+01   -2.7442499660349910e+01
 2590   -1.6111539368172821e+01   -2.7442499660349910e+01
 2600   -1.6155119984681196e+01   -2.7442499660349910e+01
 2610   -1.6198366650105214e+01   -2.7442499660349910e+01
 2620   -1.6241341375943680e+01   -2.7518711377586538e+01
 2630   -1.6284660809105972e+01   -2.7672549179204381e+01
 2640   -1.6327796749901800e+01   -2.7672549179204381e+01
 2650   -1.6370635941364633e+01   -2.7697993540363189e+01
 2660   -1.6413219992488688e+01   -2.7697993540363189e+01
 2670   -1.6455512213010810e+01   -2.7746019809710337e+01
 2680   -1.6497818832894275e+01   -2.7922675137878905e+01
 2690   -1.6541037202213356e+01   -2.8257630690944858e+01
 2700   -1.6584734709237601e+01   -2.8428205982597536e+01
 2710   -1.6628731281138275e+01   -2.8521502255168496e+01
 2720   -1.6672758487254821e+01   -2.8679593228537520e+01
 2730   -1.6717189293217970e+01   -2.8855760430789399e+01
 2740   -1.6761546430779202e+01   -2.8934734557847417e+01
 2750   -1.6806299414967260e+01   -2.9145989967045786e+01
 2760   -1.6851338616049897e+01   -2.9299434698754450e+01
 2770   -1.6896324425960497e+01   -2.9184454274152937e+01
 2780   -1.6941024947299788e+01   -2.9416480564520306e+01
 2790   -1.6986181639952807e+01   -2.9614231230044410e+01
 2800   -1.7031520748415769e+01   -2.9756873600219990e+01
 2810   -1.7077206842922283e+01   -2.9933534876510763e+01
 2820   -1.7122958727340009e+01   -2.9986677887950549e+01
 2830   -1.7168413565363362e+01   -2.9986677887950549e+01
 2840   -1.7213577870591774e+01   -3.0002308765009250e+01
 2850   -1.7258888509209076e+01   -3.0194169107145964e+01
 2860   -1.7304455671168871e+01   -3.0297130104514977e+01
 2870   -1.7349269737997961e+01   -3.0208262519792417e+01
 2880   -1.7393919018490298e+01   -3.0208262519792417e+01
 2890   -1.7438336582640421e+01   -3.0233076450996631e+01
 2900   -1.7482456375289924e+01   -3.0233076450996631e+01
 2910   -1.7526619957894592e+01   -3.0398244232331791e+01
 2920   -1.7570756146195105e+01   -3.0421305245637626e+01
 2930   -1.7614614675544740e+01   -3.0421305245637626e+01
 2940   -1.7658174847551855e+01   -3.0421305245637626e+01
 2950   -1.7701527795636153e+01   -3.0468743182610581e+01
 2960   -1.7744660280051601e+01   -3.0468743182610581e+01
 2970   -1.7787502310026550e+01   -3.0468743182610581e+01
 2980   -1.7830056809598975e+01   -3.0468743182610581e+01
 2990   -1.7872326663689314e+01   -3.0468743182610581e+01
 3000   -1.7914433131439516e+01   -3.0516219713513483e+01
 3010   -1.7956488636792542e+01   -3.0681380246262240e+01
 3020   -1.7998651209553895e+01   -3.0754945849256025e+01
 3030   -1.8040904172703538e+01   -3.0803736123940130e+01
 3040   -1.8082887172543124e+01   -3.0803736123940130e+01
 3050   -1.8124594874023110e+01   -3.0803736123940130e+01
 3060   -1.8166029976147019e+01   -3.0803736123940130e+01
 3070   -1.8207195142752209e+01   -3.0803736123940130e+01
 3080   -1.8248093003080740e+01   -3.0803736123940130e+01
 3090   -1.8288895589593839e+01   -3.0896739213278071e+01
 3100   -1.8329566052896045e+01   -3.0896739213278071e+01
 3110   -1.8369990421633872e+01   -3.0920766798687328e+01
 3120   -1.8410225652308391e+01   -3.0946922732648254e+01
 3130   -1.8450597187939344e+01   -3.1073538055242103e+01
 3140   -1.8491033105649535e+01   -3.1224095533397254e+01
 3150   -1.8531703959948977e+01   -3.1382203520192213e+01
 3160   -1.8572763111648960e+01   -3.1607008991978169e+01
 3170   -1.8613956905692120e+01   -3.1631195823330518e+01
 3180   -1.8655081208149621e+01   -3.1776270483718726e+01
 3190   -1.8696563137539336e+01   -3.1953873970917780e+01
 3200   -1.8738296552781424e+01   -3.2064012418271268e+01
 3210   -1.8780111860653275e+01   -3.2248324102694738e+01
 3220   -1.8822019678354728e+01   -3.2296335081193178e+01
 3230   -1.8863735825112737e+01   -3.2296335081193178e+01
 3240   -1.8905314010327462e+01   -3.2425309225440920e+01
 3250   -1.8946913995604731e+01   -3.2425309225440920e+01
 3260   -1.8988275018745181e+01   -3.2470984724033030e+01
 3270   -1.9029832211303393e+01   -3.2600718835600702e+01
 3280   -1.9071443433943553e+01   -3.2746941069354605e+01
 3290   -1.9113019984570705e+01   -3.2703192765583402e+01
 3300   -1.9154329843135042e+01   -3.2747643876767278e+01
 3310   -1.9195397257133926e+01   -3.2747643876767278e+01
 3320   -1.9236217277072580e+01   -3.2747643876767278e+01
 3330   -1.9276935485025131e+01   -3.2804949135753986e+01
 3340   -1.9317464810638114e+01   -3.2823637693307859e+01
 3350   -1.9358050057921275e+01   -3.2940611126731724e+01
 3360   -1.9398509207267356e+01   -3.2964037349674896e+01
 3370   -1.9438762999974795e+01   -3.2964037349674896e+01
 3380   -1.9478778604559704e+01   -3.2964037349674896e+01
 3390   -1.9518558128881576e+01   -3.2964037349674896e+01
 3400   -1.9558259211038784e+01   -3.3107050022348432e+01
 3410   -1.9598264650705929e+01   -3.3273113995819983e+01
 3420   -1.9638343272982013e+01   -3.3324867895973469e+01
 3430   -1.9678453524470065e+01   -3.3419776178067472e+01
 3440   -1.9718406999011766e+01   -3.3446502065553211e+01
 3450   -1.9758421921275556e+01   -3.3569385222454045e+01
 3460   -1.9798338000180696e+01   -3.3569385222454045e+01
 3470   -1.9838024015230470e+01   -3.3569385222454045e+01
 3480   -1.9877648959008877e+01   -3.3639144941310207e+01
 3490   -1.9917080179588538e+01   -3.3639144941310207e+01
 3500   -1.9956306082987833e+01   -3.3662483034747702e+01
 3510   -1.9995562390843162e+01   -3.3775819771717103e+01
 3520   -2.0034265238241122e+01   -3.3597840808503506e+01
 3530   -2.0072641728932695e+01   -3.3551353390604930e+01
 3540   -2.0110717185604081e+01   -3.3551353390604930e+01
 3550   -2.0148606085713404e+01   -3.3546508361004825e+01
 3560   -2.0184543473171132e+01   -3.2970229027849669e+01
 3570   -2.0220442041576511e+01   -3.2566489965292256e+01
 3580   -2.0255184357237990e+01   -3.2716139371166228e+01
 3590   -2.0290142264416719e+01   -3.2817776744270347e+01
 3600   -2.0325069940259386e+01   -3.2946137941172246e+01
 3610   -2.0360284905192795e+01   -3.3080971479750126e+01
 3620   -2.0395525126547827e+01   -3.3196056179070382e+01
 3630   -2.0430903483664039e+01   -3.3239854653014199e+01
 3640   -2.0466117749258132e+01   -3.3262458420268288e+01
 3650   -2.0501445960587297e+01   -3.3318144362296707e+01
 3660   -2.0536707368425166e+01   -3.3481537451315120e+01
 3670   -2.0571900318287955e+01   -3.3471051019575839e+01
 3680   -2.0606952358237113e+01   -3.3471051019575839e+01
 3690   -2.0641768658571799e+01   -3.3451067459778763e+01
 3700   -2.0676110867740338e+01   -3.3392402278440720e+01
 3710   -2.0710447399047208e+01   -3.3414963982589448e+01
 3720   -2.0744599325347050e+01   -3.3414963982589448e+01
 3730   -2.0778600469807717e+01   -3.2969635907880139e+01
 3740   -2.0810759864271784e+01   -3.2795539681645160e+01
 3750   -2.0842767791845773e+01   -3.2816010136441086e+01
 3760   -2.0874611521485654e+01   -3.2816010136441086e+01
 3770   -2.0906501342509003e+01   -3.2993142885909485e+01
 3780   -2.0938587657539234e+01   -3.3033294065275250e+01
 3790   -2.0970528819845029e+01   -3.3134540064307849e+01
 3800   -2.1002724221582888e+01   -3.3126092352738077e+01
 3810   -2.1034471044980393e+01   -3.3136714943593205e+01
 3820   -2.1066164023671369e+01   -3.3159084750304096e+01
 3830   -2.1097898276186971e+01   -3.3310918803646203e+01
 3840   -2.1129162056696604e+01   -3.2960029020287294e+01
 3850   -2.1160013976795746e+01   -3.2899141107130276e+01
 3860   -2.1190591409736328e+01   -3.2997884557752485e+01
 3870   -2.1221101211152394e+01   -3.2997884557752485e+01
 3880   -2.1251545201830798e+01   -3.3069072150241716e+01
 3890   -2.1281924448484808e+01   -3.3069072150241716e+01
 3900   -2.1312239188757975e+01   -3.3106796537157933e+01
 3910   -2.1342434835226619e+01   -3.3155486044035982e+01
 3920   -2.1372711273467434e+01   -3.3215998849305869e+01
 3930   -2.1402846865263463e+01   -3.3215998849305869e+01
 3940   -2.1432829484512311e+01   -3.3215998849305869e+01
 3950   -2.1462674409046581e+01   -3.3253509746126980e+01
 3960   -2.1492676072851001e+01   -3.3413032480081306e+01
 3970   -2.1522790245693752e+01   -3.3484426749831236e+01
 3980   -2.1552878686779799e+01   -3.3505239799093715e+01
 3990   -2.1582910016149391e+01   -3.3551470500298556e+01
 4000   -2.1612831417359761e+01   -3.3551470500298556e+01
