    0   0.0000000000000000e+00   0.0000000000000000e+00
   10   0.0000000000000000e+00   0.0000000000000000e+00
   20   -9.6736982349186262e-02   1.5123507675531905e-01
   30   -2.1294557080986468e-01   -7.9758499448178499e-01
   40   -2.5406388014679676e-01   -9.9650689041991736e-01
   50   -3.0962806602045856e-01   1.1225742935029176e-01
   60   -2.5214094317586450e-01   -4.0021623346422946e-01
   70   -3.0042014284732493e-01   9.6274571591345115e-02
   80   -3.0704976791352800e-01   -1.1063252150168408e+00
   90   -1.4480091703072231e-01   4.4915276318411301e+00
  100   1.9387726256876878e-01   2.7098528908880688e+00
  110   4.2260231968870510e-01   2.7098528908880688e+00
  120   5.6886700895967335e-01   1.4988406566416512e+00
  130   5.6655389982753157e-01   -2.2439534985029225e-01
  140   5.6784626217691803e-01   1.7140021830878460e+00
  150   7.1088568921559048e-01   3.5843046491558650e+00
  160   8.0959451240105762e-01   1.1859739451567206e+00
  170   7.7250060163500234e-01   -5.3193009355134802e-01
  180   6.5223806155382114e-01   -2.0073269652240873e+00
  190   5.7272234713192216e-01   2.1708253349115081e+00
  200   6.0888543972261444e-01   9.1244963062284445e-01
  210   6.9444915851111222e-01   2.9843416969842056e+00
  220   7.6854368715221955e-01   3.0703679242221065e+00
  230   9.0472520366313580e-01   3.9639994348476546e+00
  240   1.0172790615660414e+00   3.7908881341210381e+00
  250   1.1477312870965828e+00   4.9034525991455009e+00
  260   1.2392194713245659e+00   2.9511666991214409e+00
  270   1.3026249242059316e+00   2.9511666991214409e+00
  280   1.3615014161672001e+00   2.9511666991214409e+00
  290   1.4154784351225722e+00   3.5628676453420285e+00
  300   1.5018400718225862e+00   3.4666020149055625e+00
  310   1.5652194893413918e+00   3.4666020149055625e+00
  320   1.6246376932652720e+00   3.4666020149055625e+00
  330   1.6804547939210384e+00   3.4666020149055625e+00
  340   1.6907168467296800e+00   1.0554226295890332e+00
  350   1.6441352951131081e+00   -8.6277374245595528e-01
  360   1.5617888875213368e+00   -1.6699659625335743e+00
  370   1.4679250192213000e+00   -1.9379751592518384e+00
  380   1.4694139600924214e+00   2.8322373294457788e+00
  390   1.5389649920041231e+00   3.7762734042617465e+00
  400   1.5632716060575298e+00   1.6210698639655923e+00
  410   1.5630022761649707e+00   1.1319136183035206e+00
  420   1.5527382605016029e+00   1.1319136183035206e+00
  430   1.5471678276417684e+00   9.6400563766474945e-01
  440   1.5454151252614783e+00   2.4121600519168100e+00
  450   1.5685813921520049e+00   2.4611330816380352e+00
  460   1.5879846897495271e+00   2.4611330816380352e+00
  470   1.5978474426346334e+00   1.3689139349141104e+00
  480   1.5869942503809862e+00   2.7604213495570691e+00
  490   1.5957941686080066e+00   1.4692035530419572e+00
  500   1.6167256605810818e+00   2.4703169350754282e+00
  510   1.6302403754862200e+00   1.6455905952395915e+00
  520   1.6036266614258428e+00   -8.4590539447541113e-01
  530   1.5639027573310393e+00   -1.5552393171649688e+00
  540   1.5061408670625949e+00   -1.5552393171649688e+00
  550   1.4489857909874788e+00   -1.8290693168443477e+00
  560   1.3860493787888768e+00   -2.1028292893886893e+00
  570   1.3633228929636627e+00   2.2035850680630169e+00
  580   1.3735600524809788e+00   1.9296884868463069e+00
  590   1.3829859581481876e+00   1.9296884868463069e+00
  600   1.3751833375095810e+00   2.2470101439978278e+00
  610   1.3984773980379570e+00   2.3221541033764148e+00
  620   1.4128502338473850e+00   2.6985333907898394e+00
  630   1.4374638479069668e+00   3.2152815839181299e+00
  640   1.4488177429187508e+00   1.8676872643274871e+00
  650   1.4552618894019620e+00   1.8676872643274871e+00
  660   1.4553671481728609e+00   5.3009616249121994e-01
  670   1.4433181191527567e+00   6.4358451197819444e-01
  680   1.4215270024683579e+00   -7.2032489660455645e-01
  690   1.3691623575016212e+00   -3.1674367976114688e+00
  700   1.2914485129374784e+00   -4.4968739241769224e+00
  710   1.2099228448091066e+00   -4.4968739241769224e+00
  720   1.1685664496531623e+00   1.9610793015508017e+00
  730   1.1816868698716534e+00   1.8062170777597280e+00
  740   1.1782708966003410e+00   3.0053907841823135e-01
  750   1.1976270080454678e+00   2.0587083130761448e+00
  760   1.2136787952285131e+00   2.8998733764833129e+00
  770   1.2174184940256443e+00   7.4170500320913890e-01
  780   1.2113196031177402e+00   7.4170500320913890e-01
  790   1.1989534914979829e+00   1.4325313244021636e+00
  800   1.1922529677954148e+00   4.4259660638670323e-01
  810   1.1937267591693426e+00   2.9612452907748170e+00
  820   1.2004517158216172e+00   9.0154201084216179e-01
  830   1.2154065518529782e+00   2.5962895713503036e+00
  840   1.2317682511132673e+00   1.9580715818101233e+00
  850   1.2295456942775731e+00   6.1234265161421697e-01
  860   1.2194872016230909e+00   6.0163838089118182e-02
  870   1.2022207827018154e+00   -7.2076099013434014e-01
  880   1.1678825504875199e+00   -2.5342684780030802e+00
  890   1.1539408550390127e+00   -6.4959379700032716e-01
  900   1.1330047394676710e+00   -1.1874058812973149e+00
  910   1.1021257344800075e+00   -2.0024679018458693e+00
  920   1.0657471735764810e+00   -2.5407656483319951e+00
  930   1.0240722938454223e+00   -3.0792323826784251e+00
  940   9.9329437160290524e-01   2.8151405281722282e+00
  950   1.0038175151693483e+00   9.2856688069242543e-01
  960   1.0009497090484536e+00   1.3675952882660503e+00
  970   1.0255878116041686e+00   2.8391210734281591e+00
  980   1.0416213663918970e+00   2.5699600816208314e+00
  990   1.0567872631261104e+00   2.3008106962026500e+00
 1000   1.0601091360643493e+00   1.2278630261233290e+00
 1010   1.0629957899600111e+00   3.1221149472065060e+00
 1020   1.0886863496853616e+00   3.0622886790128567e+00
 1030   1.0998626910717422e+00   1.9183241656904750e+00
 1040   1.1261839177544737e+00   3.3863417120639463e+00
 1050   1.1444220830759169e+00   2.5843840244611624e+00
 1060   1.1484397904148360e+00   1.0147015373124233e+00
 1070   1.1440478636806071e+00   2.8227057775942059e+00
 1080   1.1736059752673706e+00   4.2339356756669160e+00
 1090   1.1984829454985824e+00   3.1651433433626641e+00
 1100   1.2062243551137830e+00   1.5415074480358302e+00
 1110   1.2079041489974069e+00   2.1308941268410746e+00
 1120   1.2170887565976023e+00   2.4243563836072624e+00
 1130   1.2368652152756392e+00   2.5191388328070268e+00
 1140   1.2562823324174981e+00   3.5189160575228393e+00
 1150   1.2654576656380498e+00   1.6719905463470179e+00
 1160   1.2790296069288050e+00   4.6058019567236403e+00
 1170   1.2964488709537643e+00   2.8524839588111153e+00
 1180   1.3066734213116444e+00   2.3156812396034443e+00
 1190   1.3112750432430402e+00   9.3615148037052276e-01
 1200   1.2969239326867243e+00   -1.4345748110805392e+00
 1210   1.2992514998949904e+00   3.2057205816913026e+00
 1220   1.3204688468051184e+00   3.8657466870853514e+00
 1230   1.3357922632533485e+00   2.8800017615260480e+00
 1240   1.3506725459362463e+00   2.8226976305803539e+00
 1250   1.3594604583269767e+00   2.0781827605580836e+00
 1260   1.3638954905530594e+00   2.0972708680611980e+00
 1270   1.3633733785025244e+00   3.9842452600377126e-01
 1280   1.3542095950188617e+00   8.9866751365552000e-01
 1290   1.3418523513661031e+00   -1.2681114565136058e+00
 1300   1.3156836314690092e+00   -2.3595982190254672e+00
 1310   1.2870091900572778e+00   -2.8985025551087316e+00
 1320   1.2535504497520313e+00   -3.1552158608048653e+00
 1330   1.2159170852584416e+00   -3.9688175824303067e+00
 1340   1.1770230265571904e+00   -4.2395095652194756e+00
 1350   1.1358508617355723e+00   -2.1144766278734299e+00
 1360   1.1120748372160796e+00   -2.2494414360509483e+00
 1370   1.0851616102398460e+00   -3.3350256435225316e+00
 1380   1.0467160690126549e+00   -4.6626233343267449e+00
 1390   1.0056416848159686e+00   -4.6626233343267449e+00
 1400   9.5449381373794362e-01   -7.3623613682327029e+00
 1410   8.9583304934090224e-01   -5.9340762701020866e+00
 1420   8.8156858048256859e-01   7.8196618603965673e-01
 1430   8.7664803750034281e-01   -1.2600984686932515e-01
 1440   8.6362887922887699e-01   -1.8679131908688664e+00
 1450   8.4953066038766645e-01   -1.3896624880469579e+00
 1460   8.2578707573464050e-01   -3.7957301749625105e+00
 1470   7.9092744185362929e-01   -4.3251255828807853e+00
 1480   7.8457912923892181e-01   2.1335192661811591e+00
 1490   7.9661108782134238e-01   2.3589717435672863e+00
 1500   8.0684765179343709e-01   2.0902111442498956e+00
 1510   8.0904581801724462e-01   -4.1207046476230580e-02
 1520   8.2939474773054567e-01   3.6328637192724229e+00
 1530   8.4318616031089821e-01   2.6677299311253111e+00
 1540   8.5232416121263932e-01   2.4661416808762944e+00
 1550   8.5894398594456456e-01   1.3893737518032716e+00
 1560   8.6234417675135122e-01   1.3893737518032716e+00
 1570   8.6570105302556744e-01   1.3893737518032716e+00
 1580   8.6901543719504670e-01   1.3893737518032716e+00
 1590   8.7228813099761415e-01   1.3893737518032716e+00
 1600   8.7551991612764968e-01   1.3893737518032716e+00
 1610   8.7769844727686097e-01   5.7385774354110131e-01
 1620   8.6967394761329142e-01   -1.0145123273061296e+00
 1630   8.5811452261378574e-01   -1.0145123273061296e+00
 1640   8.4731774824714468e-01   -7.9272357820420658e-01
 1650   8.4337200874375939e-01   1.9500662420080039e+00
 1660   8.5883452918120529e-01   2.8223747907304126e+00
 1670   8.7009076581285483e-01   3.2748006921134643e+00
 1680   8.7960794785512297e-01   1.9140066590417124e+00
 1690   8.7925222300049299e-01   1.3919898421163224e-01
 1700   8.7276419740627909e-01   -1.0949535878322667e+00
 1710   8.7224611769466520e-01   4.6190288857986445e-01
 1720   8.6986040124632336e-01   4.6190288857986445e-01
 1730   8.6750226533495667e-01   4.6190288857986445e-01
 1740   8.6517123443406541e-01   4.6190288857986445e-01
 1750   8.6240756025044063e-01   -7.3938139552001292e-02
 1760   8.5048605230481411e-01   -2.3000160729394512e+00
 1770   8.4419956273722740e-01   -5.8996417930160305e-01
 1780   8.3403448724515705e-01   -1.1256094755500941e+00
 1790   8.2117935336175207e-01   -1.0341054624159502e+00
 1800   8.0541042197471069e-01   -2.7636161216978543e+00
 1810   8.0841141107434489e-01   4.9943825478280601e+00
 1820   8.2861392009537682e-01   3.9922412846530300e+00
 1830   8.4522825921063549e-01   3.5231084152978087e+00
 1840   8.5586717438808069e-01   2.7225846692814080e+00
 1850   8.6595753922534191e-01   2.7225846692814080e+00
 1860   8.7059042767144723e-01   1.3796420820679232e+00
 1870   8.7274060793184294e-01   1.1122222178117120e+00
 1880   8.6638615577929301e-01   -1.5002215790198907e+00
 1890   8.5548428970459922e-01   6.2976782038120671e-01
 1900   8.5429630828710756e-01   6.2976782038120671e-01
 1910   8.5312076646561075e-01   6.2976782038120671e-01
 1920   8.5195746987142107e-01   6.2976782038120671e-01
 1930   8.5080622816421780e-01   6.2976782038120671e-01
 1940   8.5662368996593774e-01   1.9576016542219774e+00
 1950   8.6577449453404320e-01   3.2953538809646834e+00
 1960   8.7550766418077752e-01   2.1366917114234147e+00
 1970   8.8193639994602668e-01   2.5020481756914967e+00
 1980   8.8421353956795845e-01   5.8530860915525529e-01
 1990   8.9132154204382918e-01   2.3130717201839675e+00
 2000   8.9837954966806310e-01   3.8570455562129857e+00
 2010   9.1213582406824056e-01   2.8036640765725815e+00
 2020   9.2149982531826213e-01   2.8036640765725815e+00
 2030   9.2958340170930054e-01   2.0015319008607380e+00
 2040   9.3205360684678351e-01   8.8439737805636143e-01
 2050   9.2792695774616873e-01   -8.3369156832170110e-02
 2060   9.2301775330646796e-01   -8.3369156832170110e-02
 2070   9.1776731612212814e-01   -3.5154778023111449e-01
 2080   9.1166483969735301e-01   -3.5154778023111449e-01
 2090   9.0562076017616422e-01   -3.5154778023111449e-01
 2100   8.9963424331708197e-01   -3.5154778023111449e-01
 2110   8.9282862807381136e-01   -7.5394615527063458e-01
 2120   8.8879452994427088e-01   4.0789283508758206e-01
 2130   8.8643794848291024e-01   7.4910669943237507e-01
 2140   9.0136237114435402e-01   4.7663755319108434e+00
 2150   9.1399903386247394e-01   4.2145654505414702e+00
 2160   9.2644489924313678e-01   3.9921448904422179e+00
 2170   9.4025010894126804e-01   3.0061309561248932e+00
 2180   9.5146811253490449e-01   3.0327766211746550e+00
 2190   9.5569395659534495e-01   8.7455114790860711e-01
 2200   9.5483711287775341e-01   3.5614421467717799e-01
 2210   9.4802663807231391e-01   -1.0563741999316858e+00
 2220   9.3719760020092990e-01   -1.2337044319238766e+00
 2230   9.2577510631086657e-01   -1.6302321552518808e+00
 2240   9.1436435960746132e-01   -1.6302321552518808e+00
 2250   9.0241659016872799e-01   -2.2078108096259066e+00
 2260   8.8734542069719335e-01   -2.7456288036628829e+00
 2270   8.7134112895992433e-01   -2.7456288036628829e+00
 2280   8.5231074713867472e-01   -4.0852257952185020e+00
 2290   8.2604795909515072e-01   -5.7000743400176113e+00
 2300   7.9767351431639966e-01   -5.7000743400176113e+00
 2310   7.6954473572620918e-01   -5.7000743400176113e+00
 2320   7.4110808645857440e-01   -6.1997840383316438e+00
 2330   7.0864588384468374e-01   -7.2237926654647522e+00
 2340   6.7781863271210041e-01   -3.5819417876885442e+00
 2350   6.5558103970449655e-01   -5.1918909551050776e+00
 2360   6.2598394238036059e-01   -6.6795139756777306e+00
 2370   5.9380741999188513e-01   -7.4815323431817102e+00
 2380   5.5987742098695403e-01   -7.4815323431817102e+00
 2390   5.2522525719583790e-01   -8.0149609325914106e+00
 2400   4.8863586941615439e-01   -8.2830352407433665e+00
 2410   4.8248147340095204e-01   3.0171653031317973e+00
 2420   4.9186028183605612e-01   2.7521531146961307e+00
 2430   5.0011491486406356e-01   2.4171608264825846e+00
 2440   5.0595814880766798e-01   1.0363326130450405e+00
 2450   5.1217076690255303e-01   2.1042627019651561e+00
 2460   5.1423851114760510e-01   5.1966595030409735e-01
 2470   5.1415318254267772e-01   2.5462990456854595e-01
 2480   5.0904749784867465e-01   -1.5983543957740514e+00
 2490   4.9736031519172541e-01   -3.4430834778777184e+00
 2500   4.7756697432200412e-01   -4.7691905592913759e+00
 2510   4.5519151389550788e-01   -5.5499198148902549e+00
 2520   4.3531419296722090e-01   2.1289611835278786e+00
 2530   4.4083043840171793e-01   2.3553072909232169e+00
 2540   4.4700690060966947e-01   1.5591669068128380e+00
 2550   4.5043969960951280e-01   1.0821599231652199e+00
 2560   4.5965112539623332e-01   2.1961840061295117e+00
 2570   4.6175427066769442e-01   5.4572007373663700e-01
 2580   4.6270241131285084e-01   3.7488372403109094e-01
 2590   4.6236334302218768e-01   3.7488372403109094e-01
 2600   4.6192504854025301e-01   1.1011426091188642e-01
 2610   4.5804292833550775e-01   -6.8375884916255147e-01
 2620   4.5085262797797071e-01   -2.5481893601316372e+00
 2630   4.3520154557985180e-01   -4.2117273581440164e+00
 2640   4.1569667104158625e-01   -5.5464124265896793e+00
 2650   3.9160666587905407e-01   -6.6048408298987304e+00
 2660   3.6260826367236842e-01   -7.4017572317785953e+00
 2670   3.3296418599170358e-01   -8.1128201464114031e+00
 2680   3.1054152606262425e-01   2.6082500927590813e-01
 2690   3.1599625895939398e-01   2.4258288218257094e+00
 2700   3.2286908675783921e-01   2.4293911107073134e+00
 2710   3.2696009401869680e-01   4.5730994693269245e-01
 2720   3.2631744672240121e-01   2.6453172762694983e+00
 2730   3.3198175379388184e-01   1.6118360825561131e+00
 2740   3.3354477378684733e-01   3.1828979722061423e-01
 2750   3.3459036770113265e-01   -5.7532143928712032e-02
 2760   3.3419892363931358e-01   8.9889673188620667e-01
 2770   3.3807582740859321e-01   2.0621851706185916e+00
 2780   3.4161610691132427e-01   8.7900258382670005e-01
 2790   3.4740470249278638e-01   3.0510029063647517e+00
 2800   3.5434744867960288e-01   1.4456674446713893e+00
 2810   3.6083886073147153e-01   1.2640186094216914e+00
 2820   3.6306229551041241e-01   8.3466426794256843e-01
 2830   3.6444853312154429e-01   3.0600721462682928e-01
 2840   3.6363322249939811e-01   2.0438680598965626e+00
 2850   3.7478269916552198e-01   4.2356997846647548e+00
 2860   3.8571630007076135e-01   2.9578485119189852e+00
 2870   3.9301104690544125e-01   1.7544713694126806e+00
 2880   3.9773833969192474e-01   1.7544713694126806e+00
 2890   3.9887662580068595e-01   1.7111782649199775e-01
 2900   3.9754993475328254e-01   -6.2045992979355757e-01
 2910   3.9996860413852586e-01   1.9805920504640127e+00
 2920   4.0420322029955286e-01   1.5648376149274106e+00
 2930   4.0816442983753187e-01   1.5648376149274106e+00
 2940   4.1209869237185115e-01   1.5648376149274106e+00
 2950   4.1464633442050308e-01   7.6890951259020668e-01
 2960   4.1279543950125858e-01   -1.0892732751421663e+00
 2970   4.0425265007078320e-01   -2.4162153623912035e+00
 2980   3.9309493902992948e-01   -2.9472939099300839e+00
 2990   3.8192306996986258e-01   -2.9472939099300839e+00
 3000   3.6700039303388576e-01   -5.0410324523938810e+00
 3010   3.5367154056545991e-01   5.3683892289216439e-01
 3020   3.5840757982644750e-01   2.7917907506102519e+00
 3030   3.6298460807150951e-01   1.4516262915542171e+00
 3040   3.6569274848213751e-01   1.1862592929023863e+00
 3050   3.6838313059499089e-01   1.1862592929023863e+00
 3060   3.7105592851102814e-01   1.1862592929023863e+00
 3070   3.7371131406279151e-01   1.1862592929023863e+00
 3080   3.7634945685123178e-01   1.1862592929023863e+00
 3090   3.7928680600976378e-01   9.5973391959082166e-01
 3100   3.8090302519878944e-01   4.3111440122792977e-01
 3110   3.7917885900292586e-01   -6.3760909226032436e-01
 3120   3.7496063630302906e-01   -9.7569451483662673e-01
 3130   3.7861542478691151e-01   1.0118222275865287e+00
 3140   3.8125680928476147e-01   1.0531095009456743e+00
 3150   3.8273163061531246e-01   1.1802779996772408e+00
 3160   3.8491302092379237e-01   6.9522394000941068e-01
 3170   3.8511171218499063e-01   4.4789815072362144e-01
 3180   3.8342993109093410e-01   -1.0974111277960150e+00
 3190   3.8544570734803496e-01   2.5845841131737517e+00
 3200   3.9381015471819264e-01   3.1595727429298921e+00
 3210   3.9956254909942046e-01   1.3273602576775465e+00
 3220   3.9917236400040451e-01   -4.7398919157416725e-01
 3230   3.9424661738568273e-01   -2.0683704520931254e+00
 3240   3.8526086166075707e-01   -2.1371409096952858e+00
 3250   3.7668167767115318e-01   -2.4029739349605155e+00
 3260   3.6942249603999505e-01   -7.8219061044418781e-01
 3270   3.6566054714344387e-01   -1.9611204476491815e+00
 3280   3.5702049223306409e-01   -3.2236892996456845e-01
 3290   3.5998678795774264e-01   2.9085445319478400e+00
 3300   3.6569803534370582e-01   1.8192252328674747e+00
 3310   3.7000908791173892e-01   1.5535372578194400e+00
 3320   3.7357393179700310e-01   1.5535372578194400e+00
 3330   3.7872283380724320e-01   2.2196830661373248e+00
 3340   3.8486742904663712e-01   3.0140566515163671e+00
 3350   3.8872739264778705e-01   4.8355272050286946e-01
 3360   3.8776971266281796e-01   -3.4961440798716398e-01
 3370   3.8558162921875289e-01   -3.4961440798716398e-01
 3380   3.8301444179292876e-01   -6.1464103343243570e-01
 3390   3.7944709100258867e-01   -1.1445092253271434e+00
 3400   3.7682550525627001e-01   3.0050018972131993e+00
 3410   3.8437017548251046e-01   1.9005002854482946e+00
 3420   3.8692999169906456e-01   7.0214701737573515e-01
 3430   3.8490180549599085e-01   -1.1251712295392846e+00
 3440   3.8049603902226203e-01   -9.1799780166971767e-01
 3450   3.7925489164128640e-01   -2.5167563786709279e-01
 3460   3.7537672813519368e-01   -1.0419187536116732e+00
 3470   3.7060306461212383e-01   -1.8391261310545728e+00
 3480   3.6072190175566349e-01   -3.7032559985914282e+00
 3490   3.4907726593805000e-01   -3.7032559985914282e+00
 3500   3.3603805496164812e-01   -4.7552646984012696e+00
 3510   3.2753670719744177e-01   -2.8939006603782786e+00
 3520   3.2996544084403001e-01   1.0779483887398180e+00
 3530   3.3397225486623222e-01   2.1865340508188180e+00
 3540   3.3905484656621576e-01   1.9199123800266777e+00
 3550   3.4131279858556651e-01   5.8259332682667353e-01
 3560   3.4565046763542007e-01   1.6925350961999699e+00
 3570   3.5024884078741114e-01   2.3704303080231641e+00
 3580   3.5528926831648988e-01   1.9083974328931808e+00
 3590   3.6170489167778536e-01   2.0387458173372028e+00
 3600   3.6543618574782688e-01   2.1789631846339215e+00
 3610   3.7105986536415070e-01   1.3647538522080200e+00
 3620   3.7271156980483994e-01   1.9919309437842065e+00
 3630   3.7409194902447956e-01   1.2855142771613631e-01
 3640   3.7166580385074716e-01   -9.3441715189178698e-01
 3650   3.7559722910958926e-01   3.1079279514936617e+00
 3660   3.8198877650173280e-01   2.1814448854725361e+00
 3670   3.8780508492353327e-01   2.4007086133755435e+00
 3680   3.9160272187089512e-01   1.5992858913707684e+00
 3690   3.9529494008159799e-01   2.7614707447382743e+00
 3700   4.0129243227081290e-01   1.9117595422915903e+00
 3710   4.0351787026946934e-01   1.0938548200272260e+00
 3720   4.0537361475806538e-01   1.0938548200272260e+00
 3730   4.0979084397836579e-01   2.5519025088555725e+00
 3740   4.1704172268627093e-01   2.5895450365208093e+00
 3750   4.2066919816076215e-01   1.6185940999922543e+00
 3760   4.2236548188680617e-01   2.8122495753172172e-01
 3770   4.2554494563444151e-01   1.1494875288910151e+00
 3780   4.2641367223355031e-01   2.6261852234574743e+00
 3790   4.3025597075157307e-01   1.2949213767553700e+00
 3800   4.3628891188544078e-01   2.4638620927143693e+00
 3810   4.3949066277317067e-01   1.5879797729245448e+00
 3820   4.4145660441743073e-01   2.6525123623756541e-01
 3830   4.4058590228859906e-01   5.3081874442319577e-01
 3840   4.4726592950762628e-01   3.4541948193249241e+00
 3850   4.5240104785889124e-01   1.5808577076163806e+00
 3860   4.5772490941207822e-01   2.9794785678352991e+00
 3870   4.6424106873616927e-01   2.9794785678352991e+00
 3880   4.7012719275617731e-01   2.2972306263839304e+00
 3890   4.7475589323468553e-01   2.0318411515031340e+00
 3900   4.7702826870643544e-01   9.8883189693737839e-01
 3910   4.7781486406002599e-01   3.6863754346069172e-01
 3920   4.7924032393800525e-01   9.5927322645869229e-01
 3930   4.7971589039418905e-01   -1.0679752889642452e-01
 3940   4.7822727765487272e-01   -1.0679752889642452e-01
 3950   4.7648093714892159e-01   -3.4847214262473875e-01
 3960   4.7532624341490887e-01   -1.3151705310324602e-01
 3970   4.7925278374426133e-01   1.8326059087677240e+00
 3980   4.8452329065426469e-01   2.2512521149368272e+00
 3990   4.8756149873592403e-01   1.3475994622663610e+00
 4000   4.8971159364475014e-01   1.3475994622663610e+00
