    0   0.0000000000000000e+00   0.0000000000000000e+00
   10   -2.4718477187770901e-01   -4.9512424959683676e-01
   20   -2.5116221836904351e-01   1.1538517438249412e+00
   30   1.6846149237769176e-01   2.3599892023392157e+00
   40   7.0840166063582244e-01   4.0680668488663017e+00
   50   1.1037016861433293e+00   2.0485326841044635e+00
   60   1.2271290694995769e+00   2.9830542421361836e+00
   70   1.5101100284825810e+00   2.7402524098261249e+00
   80   1.7997908373662963e+00   3.8263695059775040e+00
   90   1.9505773362624639e+00   2.1963517080160488e+00
  100   2.1557576684120932e+00   4.3675995403292944e+00
  110   2.2246034247898856e+00   1.7430541311741981e+00
  120   2.4154852840697125e+00   5.7246087576426197e+00
  130   2.6534142451546452e+00   5.8614430904776533e+00
  140   2.7802552087171288e+00   3.6262440600408561e+00
  150   2.8275167135839521e+00   2.9087291652430540e+00
  160   2.8823817523987567e+00   5.2260146483915237e+00
  170   3.0770383855779149e+00   6.3663394494088488e+00
  180   3.2534715547095585e+00   7.1356991346174734e+00
  190   3.3824440984573849e+00   4.4403272855127502e+00
  200   3.4435892594562008e+00   4.5285170163622901e+00
  210   3.4644297296213811e+00   5.0042796494355342e+00
  220   3.5965391274552059e+00   5.9778129080974924e+00
  230   3.6408359999073650e+00   4.0956836091430704e+00
  240   3.6544315473872069e+00   2.8247045446549475e+00
  250   3.5733641448432825e+00   1.0813942198257940e+00
  260   3.5842301712327433e+00   5.2153991073883823e+00
  270   3.5932578035893683e+00   3.2276575530188936e+00
  280   3.5554236453449199e+00   1.4954191148574369e+00
  290   3.4460125376988726e+00   -3.3310149637363290e-01
  300   3.2971751419361182e+00   -9.5335781416205168e-01
  310   3.1327636616460004e+00   -2.4170313883035126e+00
  320   2.9519727277127941e+00   -2.7114249331949103e+00
  330   2.7496915950064293e+00   -3.1950110072805056e+00
  340   2.7225745903051450e+00   3.8512925219481913e+00
  350   2.7774898484664710e+00   5.6877770367660663e+00
  360   2.8575162146640469e+00   5.3627954288243673e+00
  370   2.9008087437961128e+00   4.2982501010815310e+00
  380   2.8978673455070756e+00   1.4337363560114376e+00
  390   2.8988160370324714e+00   3.6041224901900555e+00
  400   2.9645265472213684e+00   6.5568575816450743e+00
  410   3.0222381111134387e+00   4.1402098515295505e+00
  420   3.0272902486016391e+00   2.9713931641801326e+00
  430   3.0425706503895205e+00   5.3532223823732812e+00
  440   3.0797955599801168e+00   3.2703821043489629e+00
  450   3.0714424862209571e+00   4.1858884474738085e+00
  460   3.0738432136306293e+00   2.1345029882543458e+00
  470   3.0524363637163141e+00   3.2939560947555337e+00
  480   3.0454137831257482e+00   3.1566914591117423e+00
  490   3.0453431057138953e+00   3.6976773288483322e+00
  500   3.0490920515264710e+00   3.0038777138717876e+00
  510   3.0422856235286950e+00   3.5996133142794631e+00
  520   3.0737333503637552e+00   3.9763381872656351e+00
  530   3.0838257587780933e+00   4.7478041952585510e+00
  540   3.0978961430674605e+00   2.9353821891793053e+00
  550   3.0856967046078028e+00   2.8518715833961399e+00
  560   3.0855945455986573e+00   2.2388298766535426e+00
  570   3.0488416220973096e+00   -2.1431144870403929e-02
  580   3.0012732973747926e+00   -2.3850116592663612e-01
  590   2.9382582165587339e+00   6.5101526402811671e-01
  600   2.9503773897741290e+00   4.3841730053231363e+00
  610   2.9534454420808554e+00   3.6656857703345596e+00
  620   2.9612944127296905e+00   2.9518869922566764e+00
  630   2.9788737677110388e+00   4.1455710094363676e+00
  640   3.0052296862081307e+00   4.5820106546451216e+00
  650   3.0236603009726255e+00   3.9983364157443471e+00
  660   3.0363780902100848e+00   4.3078520442245249e+00
  670   3.0517866687365278e+00   3.7607617207203186e+00
  680   3.0834010615882765e+00   5.6207213946777888e+00
  690   3.1061522515842288e+00   3.4188084036269895e+00
  700   3.1256138574247303e+00   3.8542499401935930e+00
  710   3.1284839744003947e+00   2.6852093359630653e+00
  720   3.1131268894514821e+00   1.7413114869216038e+00
  730   3.1120196593760330e+00   3.3971757359603907e+00
  740   3.1244000441871638e+00   3.9400709582816336e+00
  750   3.1328300087003909e+00   4.2689654127305063e+00
  760   3.1440574726657946e+00   2.9656224335710224e+00
  770   3.1622072339470177e+00   5.3735597044687795e+00
  780   3.1871536739050534e+00   4.7834867820880618e+00
  790   3.2094972959385735e+00   5.3178844873310558e+00
  800   3.2192221533569190e+00   3.2662198201568473e+00
  810   3.2071412319401076e+00   8.9461617944010041e-01
  820   3.1943302485884502e+00   2.4845147841265591e+00
  830   3.1907417496239807e+00   3.3464658816947610e+00
  840   3.1773802377393081e+00   1.0764038883983871e+00
  850   3.1763581996728725e+00   2.7142716647601901e+00
  860   3.1619475646605339e+00   1.7210016648347215e+00
  870   3.1598800278188865e+00   4.3782198385941076e+00
  880   3.1755988932216788e+00   4.9437788885060989e+00
  890   3.1917916964307973e+00   5.5328439903354276e+00
  900   3.2060469761440129e+00   4.5876733439312307e+00
  910   3.2106984195614547e+00   3.1837998850043818e+00
  920   3.2098405081814030e+00   3.0607793793805262e+00
  930   3.2142155106583785e+00   3.6522585680108910e+00
  940   3.2116206600149031e+00   2.3520888463837974e+00
  950   3.2191018782015735e+00   5.2074807317881504e+00
  960   3.2377578763203538e+00   4.3036223546620018e+00
  970   3.2588202019955137e+00   5.9688598024937534e+00
  980   3.2745740497828106e+00   4.0388315930898413e+00
  990   3.2783171322042168e+00   3.6692717740384326e+00
 1000   3.2860763900468490e+00   2.9808247206891600e+00
 1010   3.2818078452322097e+00   2.0109350187621446e+00
 1020   3.2635667684844507e+00   2.6943100947390506e+00
 1030   3.2720154773434151e+00   3.1445037079887719e+00
 1040   3.2607521662194259e+00   1.2012419456731027e+00
 1050   3.2469897281657030e+00   5.0105415509380116e+00
 1060   3.2675482024496754e+00   4.6458518129687008e+00
 1070   3.2781097009270437e+00   4.6858041693784456e+00
 1080   3.2866867645833033e+00   4.0233649958403124e+00
 1090   3.2955688908355332e+00   4.7661140308421173e+00
 1100   3.3058140608097166e+00   4.0546617805097291e+00
 1110   3.3176314917187417e+00   3.9578863291801532e+00
 1120   3.3168386759972823e+00   2.3120593721345766e+00
 1130   3.3227395856294391e+00   6.0121405042580793e+00
 1140   3.3388045124893457e+00   4.4599555143727043e+00
 1150   3.3504152732795758e+00   5.3945685640919034e+00
 1160   3.3512288163089052e+00   1.9281612391673144e+00
 1170   3.3575490555623948e+00   4.4296956919531709e+00
 1180   3.3653204223089181e+00   3.2164730400044501e+00
 1190   3.3822734591553818e+00   5.1933220007359635e+00
 1200   3.3975991522329991e+00   5.5898373415701501e+00
 1210   3.4061182902798532e+00   3.1970939118946760e+00
 1220   3.3968724439157252e+00   1.0203205925646099e+00
 1230   3.3898468623334335e+00   1.6659800953416246e+00
 1240   3.3790932999073333e+00   4.0255410011391533e+00
 1250   3.3820768779639687e+00   3.3471686989577352e+00
 1260   3.3771606170275770e+00   2.8067406914173545e+00
 1270   3.3901429704510804e+00   4.7697281177077926e+00
 1280   3.3906619226427819e+00   2.7934802530818597e+00
 1290   3.4027145156191207e+00   6.6145986401140116e+00
 1300   3.4295295363547420e+00   6.5752757409242983e+00
 1310   3.4468576984646560e+00   5.2808222390098365e+00
 1320   3.4534766024419712e+00   3.4200009194916983e+00
 1330   3.4510675067910848e+00   3.3705319860399454e+00
 1340   3.4462521648181283e+00   2.8315567939821280e+00
 1350   3.4495344585237189e+00   5.4311335719194256e+00
 1360   3.4666932762280642e+00   5.5910187264827877e+00
 1370   3.4780373714619817e+00   5.6164747710232197e+00
 1380   3.4939048008618170e+00   5.5366364841166149e+00
 1390   3.5041191857565765e+00   4.1009320033358767e+00
 1400   3.5201124553428556e+00   5.7440480275012735e+00
 1410   3.5313592102827966e+00   5.2573315512735865e+00
 1420   3.5379442545072819e+00   4.6542793327126519e+00
 1430   3.5488061203539139e+00   4.8315938250142523e+00
 1440   3.5637177583398421e+00   7.1252470902690721e+00
 1450   3.5787441732577041e+00   4.4256062310156175e+00
 1460   3.5876220390943132e+00   5.1810280331578591e+00
 1470   3.5888449559082032e+00   3.1741158507065186e+00
 1480   3.5769514611251818e+00   7.7486369468226179e-01
 1490   3.5717777078639728e+00   3.5562768890174601e+00
 1500   3.5622517215363776e+00   1.7789656627818098e+00
 1510   3.5681960384118394e+00   5.3780504583822228e+00
 1520   3.5691253012711832e+00   2.3506827136621897e+00
 1530   3.5660434515570798e+00   2.8859385410340277e+00
 1540   3.5579754756628135e+00   3.6860394691003764e+00
 1550   3.5694936463484095e+00   5.5252207161112974e+00
 1560   3.5773201778868535e+00   3.7874212783876384e+00
 1570   3.5719102911343743e+00   2.2739298666488712e+00
 1580   3.5573786992466503e+00   7.6141214311818184e-01
 1590   3.5322906997561132e+00   -7.3611864964007712e-01
 1600   3.5010565117366230e+00   -2.2558315459375025e+00
 1610   3.4698773759703125e+00   3.5839579761786409e+00
 1620   3.4695740869524210e+00   3.9030873043196914e+00
 1630   3.4646838186809679e+00   2.6274445449742370e+00
 1640   3.4714699579958075e+00   4.1145843453030881e+00
 1650   3.4757366736105246e+00   2.8879154825783711e+00
 1660   3.4651981416492750e+00   2.1165529328139927e+00
 1670   3.4653817809865743e+00   3.2290457250743483e+00
 1680   3.4693121894972023e+00   4.4567357316637350e+00
 1690   3.4805843648624011e+00   5.9051112365047409e+00
 1700   3.4895745594847716e+00   4.9216616249258776e+00
 1710   3.4957493283368830e+00   4.1289499568754673e+00
 1720   3.4943462846335627e+00   2.9223375482562348e+00
 1730   3.4822905886526789e+00   4.9853036651930732e-01
 1740   3.4642746072943651e+00   -1.0551932514179996e-01
 1750   3.4435499219330947e+00   3.5679719848060434e+00
 1760   3.4517326506398649e+00   4.9821600343968582e+00
 1770   3.4610649365287678e+00   5.0171186034132651e+00
 1780   3.4661805020437493e+00   3.7164270041174587e+00
 1790   3.4692131632746483e+00   3.7248279810047471e+00
 1800   3.4706831215859357e+00   4.5228891696162172e+00
 1810   3.4713289595251280e+00   2.2752331264566092e+00
 1820   3.4722416770049351e+00   4.2335415216707597e+00
 1830   3.4704562316436212e+00   2.1427628579195854e+00
 1840   3.4742518321335112e+00   3.4849759438818437e+00
 1850   3.4738369516540799e+00   2.8994653323954163e+00
 1860   3.4860915759306104e+00   5.8183730557263429e+00
 1870   3.4970627011008895e+00   4.7584229408948184e+00
 1880   3.5043359088839612e+00   6.3532721199422575e+00
 1890   3.5191629496042669e+00   5.3244625830326422e+00
 1900   3.5232935393495106e+00   3.5269222626256300e+00
 1910   3.5157046169677595e+00   7.9691190783767518e-01
 1920   3.4979245231346239e+00   -1.0162279804533860e+00
 1930   3.4720684033113796e+00   -1.2116285689812933e+00
 1940   3.4568503824976560e+00   4.0324378962748488e+00
 1950   3.4596115332530482e+00   3.3766440163916043e+00
 1960   3.4671489440978829e+00   5.6335099735602050e+00
 1970   3.4758676226803429e+00   4.3720039135008415e+00
 1980   3.4786506190613702e+00   5.1264339926688134e+00
 1990   3.4828125047522955e+00   4.8137224261511049e+00
 2000   3.4869173076338353e+00   3.4080487209612542e+00
 2010   3.4845267955549404e+00   5.1836397607305846e+00
 2020   3.4853080517133699e+00   2.4868676326703785e+00
 2030   3.4815773783676680e+00   4.7146429370198426e+00
 2040   3.4925487188627424e+00   5.4256064002088982e+00
 2050   3.5001552467418251e+00   4.9940100679163031e+00
 2060   3.5024587778920147e+00   3.7631822607613881e+00
 2070   3.4993198440539754e+00   1.9935694020902619e+00
 2080   3.4841594525682371e+00   -9.8873544440850691e-01
 2090   3.4613134836636594e+00   -1.2906480484884861e+00
 2100   3.4359582892978806e+00   -2.1944835674553933e+00
 2110   3.4235462402307291e+00   3.6318778945120904e+00
 2120   3.4314388845427071e+00   5.8192184346106153e+00
 2130   3.4384219995269545e+00   4.5719817405255858e+00
 2140   3.4359301969009679e+00   1.5456055154939832e+00
 2150   3.4361488402997633e+00   4.5624168060439549e+00
 2160   3.4337971162804570e+00   1.5556147672443101e+00
 2170   3.4195717152062119e+00   1.3793208550674456e+00
 2180   3.4113347547150710e+00   4.3549413694372916e+00
 2190   3.4253074650053890e+00   6.3841360985823190e+00
 2200   3.4358486165243844e+00   5.1104745450238820e+00
 2210   3.4445765586020096e+00   4.5667979055584871e+00
 2220   3.4525711252250693e+00   5.0714834030831550e+00
 2230   3.4514346843952906e+00   2.3804902512806976e+00
 2240   3.4430013225427434e+00   8.6845576286452408e-01
 2250   3.4275725505892409e+00   1.6492330504704328e-01
 2260   3.4124516823846163e+00   9.7168563109830353e-02
 2270   3.3940110463339019e+00   -1.7059200893639657e+00
 2280   3.3894159568698456e+00   5.1824569273793806e+00
 2290   3.3987519703433997e+00   5.7839223511074884e+00
 2300   3.4054561891920851e+00   4.2791602444306198e+00
 2310   3.4040622013359965e+00   2.4807639123391771e+00
 2320   3.3989023961473017e+00   4.2781953016002880e+00
 2330   3.4024436614806239e+00   4.2443983452440310e+00
 2340   3.4094053425878643e+00   4.6724846906786492e+00
 2350   3.4184497593231695e+00   5.6075745734545919e+00
 2360   3.4272170917193820e+00   5.0012988299225265e+00
 2370   3.4314248006955452e+00   3.9035450714067128e+00
 2380   3.4313835131480848e+00   2.9998936388080262e+00
 2390   3.4273212634139743e+00   2.4343440152628437e+00
 2400   3.4231719229597943e+00   1.1798976045339051e+00
 2410   3.4257211278253465e+00   3.7111266024243759e+00
 2420   3.4241076403010067e+00   1.6482540619398880e+00
 2430   3.4231793332902227e+00   3.1429945170259526e+00
 2440   3.4246507685166976e+00   5.9254538093425371e+00
 2450   3.4351920780180993e+00   5.8815645369727809e+00
 2460   3.4452796860249988e+00   4.9393842542254882e+00
 2470   3.4479796821420852e+00   4.5561663724765138e+00
 2480   3.4581339543504184e+00   6.5674907432152780e+00
 2490   3.4655095506995317e+00   4.8239582409670723e+00
 2500   3.4730665794083060e+00   4.7125982196226728e+00
 2510   3.4738143042637284e+00   3.1558028896783021e+00
 2520   3.4791805556486728e+00   4.1790535179251833e+00
 2530   3.4826870232299121e+00   3.8250988102761663e+00
 2540   3.4856527719366084e+00   5.0890620763270178e+00
 2550   3.4931757864528659e+00   4.7631649613279512e+00
 2560   3.4940862567689130e+00   4.7481076448927171e+00
 2570   3.5013429142837862e+00   5.9222076569741615e+00
 2580   3.5075421295309037e+00   5.0324529560643292e+00
 2590   3.5076684754886953e+00   2.8182010339542405e+00
 2600   3.5002197371939410e+00   2.6720038440795362e+00
 2610   3.5007067438021982e+00   3.5153192847013743e+00
 2620   3.5060158433938473e+00   5.0338245523328604e+00
 2630   3.5081909389715387e+00   3.6181881857106801e+00
 2640   3.5113938903455888e+00   5.2168886888906991e+00
 2650   3.5144754451250249e+00   4.1120729617917640e+00
 2660   3.5190288547947755e+00   3.9091319343276658e+00
 2670   3.5191376674005292e+00   4.3908730455684868e+00
 2680   3.5199425254970391e+00   2.8164326614763637e+00
 2690   3.5184860760424224e+00   3.3180549026931296e+00
 2700   3.5221269071727530e+00   4.0154369981345095e+00
 2710   3.5270139021297715e+00   5.9900079017013370e+00
 2720   3.5345580067377029e+00   4.2623314196733446e+00
 2730   3.5376199540669999e+00   4.6544408528921331e+00
 2740   3.5430632760525436e+00   5.1512687463797580e+00
 2750   3.5461110653209955e+00   4.4694084596811514e+00
 2760   3.5468201262545493e+00   3.2987051507725154e+00
 2770   3.5448147847832745e+00   2.1674330489564948e+00
 2780   3.5447953223948487e+00   3.8968258766944133e+00
 2790   3.5429321554694684e+00   3.4113284276137152e+00
 2800   3.5444806024978082e+00   4.7286414097939975e+00
 2810   3.5471384487473179e+00   3.7092655775538095e+00
 2820   3.5486446019109650e+00   3.5723052883862656e+00
 2830   3.5481038151435311e+00   4.4765836573980469e+00
 2840   3.5554550501686726e+00   5.0081726315951443e+00
 2850   3.5570297643056437e+00   2.9047855313937445e+00
 2860   3.5589106076947181e+00   4.2591698905065662e+00
 2870   3.5599247267240433e+00   5.4805474915103805e+00
 2880   3.5617279730172036e+00   2.7408171713724654e+00
 2890   3.5678580519280119e+00   5.7803274739602841e+00
 2900   3.5723051362612654e+00   6.3304086910297448e+00
 2910   3.5777485833843317e+00   5.1892106197208481e+00
 2920   3.5808661335948377e+00   3.5864831876998400e+00
 2930   3.5767730599539354e+00   1.3559656231920600e+00
 2940   3.5640824504009792e+00   -1.1338040279899799e+00
 2950   3.5569129920392299e+00   3.0095654774155127e+00
 2960   3.5616334233326734e+00   8.4377793088974045e+00
 2970   3.5730932126230806e+00   5.6930189056322371e+00
 2980   3.5764625702857451e+00   3.3824868032203237e+00
 2990   3.5716196224435937e+00   1.2414365155955229e+00
 3000   3.5698715592935155e+00   4.9270704126396776e+00
 3010   3.5721015533814069e+00   3.0069843407343839e+00
 3020   3.5667573721262884e+00   3.0306087409818807e+00
 3030   3.5685855796434423e+00   3.6730365653927284e+00
 3040   3.5671051474910263e+00   2.2794282590285109e+00
 3050   3.5602739065800253e+00   7.4857041754823084e-01
 3060   3.5486893343718222e+00   -4.7261435928391277e-01
 3070   3.5319094479505222e+00   -2.5512753016549525e+00
 3080   3.5098712485131078e+00   -3.4703953254022122e+00
 3090   3.5072382988332547e+00   4.4273734556226882e+00
 3100   3.5066814081825055e+00   4.4499116401292307e+00
 3110   3.5116940463977859e+00   4.8687506800238527e+00
 3120   3.5136484526548943e+00   4.0705563702581280e+00
 3130   3.5156706286342030e+00   5.6628191935005860e+00
 3140   3.5203384297850504e+00   4.2693601587997883e+00
 3150   3.5227809042889633e+00   4.7467971287332649e+00
 3160   3.5215643053816881e+00   1.5877729264632279e+00
 3170   3.5135730704517663e+00   -3.2472358506993232e-01
 3180   3.5031257491877730e+00   7.7696422278520871e-01
 3190   3.4962501499442649e+00   1.3047906169442514e+00
 3200   3.4883970115524030e+00   -8.5704929802918828e-02
 3210   3.4838958243080609e+00   2.1251461980259423e+00
 3220   3.4875706712717731e+00   5.6359213537602155e+00
 3230   3.4959331952228512e+00   7.5524420673192223e+00
 3240   3.5053218605355418e+00   5.5573925644519706e+00
 3250   3.5086031246078364e+00   3.9577921369473841e+00
 3260   3.5073800801516994e+00   4.0502780227469968e+00
 3270   3.5096108799963197e+00   6.1396050045712416e+00
 3280   3.5151769531318218e+00   4.1021487285248215e+00
 3290   3.5135217309952491e+00   1.8909702636873300e+00
 3300   3.5130620088043907e+00   4.8003074550969558e+00
 3310   3.5148356277998105e+00   4.1397019824860894e+00
 3320   3.5130227373935807e+00   2.0688037287115297e+00
 3330   3.5088633209076407e+00   9.6508790374253506e-01
 3340   3.5000961951809764e+00   4.3244117067851950e-01
 3350   3.4981736879737761e+00   4.3385363519127900e+00
 3360   3.5003547744498369e+00   4.9179921427267512e+00
 3370   3.5033195784027740e+00   4.0730569703975501e+00
 3380   3.5032391321863883e+00   3.3415247401590591e+00
 3390   3.5040125074374493e+00   4.4131613045736371e+00
 3400   3.5069922006549517e+00   3.8088141162319955e+00
 3410   3.5075012721099563e+00   5.2061565192668215e+00
 3420   3.5082719187351614e+00   3.8677930777705170e+00
 3430   3.5157760026132188e+00   6.2647263130350055e+00
 3440   3.5192433737626758e+00   3.7504185628863969e+00
 3450   3.5232200832353429e+00   5.5686345296224307e+00
 3460   3.5268883804769509e+00   3.7455479713812618e+00
 3470   3.5322046166138952e+00   7.5586182230530961e+00
 3480   3.5399799363399396e+00   5.4459406220675088e+00
 3490   3.5434422642327448e+00   3.9278235768419476e+00
 3500   3.5449211989197966e+00   4.8789492128659164e+00
 3510   3.5458761286964191e+00   4.8595807595573790e+00
 3520   3.5470858370817155e+00   4.6072229104206208e+00
 3530   3.5495868794494898e+00   4.7324288177084703e+00
 3540   3.5517958800574907e+00   4.6226053882863303e+00
 3550   3.5569323951514638e+00   5.9641309031613661e+00
 3560   3.5614685735665197e+00   7.5973385546404177e+00
 3570   3.5663429247718903e+00   3.7396207337508844e+00
 3580   3.5651453180046655e+00   3.5781044982612480e+00
 3590   3.5680728691778425e+00   6.1567893106095770e+00
 3600   3.5706847019911256e+00   3.1028391226221466e+00
 3610   3.5721650657545316e+00   5.1914715670477696e+00
 3620   3.5775710083631189e+00   4.5037446814930817e+00
 3630   3.5829090918930362e+00   5.7054348000464925e+00
 3640   3.5886698976435127e+00   6.1701051301540497e+00
 3650   3.5941388712305979e+00   4.1419988941765906e+00
 3660   3.5956252654784828e+00   5.7673403395874869e+00
 3670   3.5989493378335826e+00   3.5504974499395745e+00
 3680   3.6010810219984668e+00   4.0106475766344998e+00
 3690   3.6023100812388362e+00   3.3802674385812077e+00
 3700   3.6019465196193177e+00   4.9584747212885150e+00
 3710   3.6058445836164128e+00   4.8677143202409754e+00
 3720   3.6067747805495021e+00   3.0868895005920853e+00
 3730   3.6054498233971652e+00   2.2755578482350050e+00
 3740   3.5977027189563908e+00   -7.7971702614812177e-03
 3750   3.5939888985675581e+00   2.2722135004386832e+00
 3760   3.5915022766595119e+00   4.2961757636322879e+00
 3770   3.5912980784784865e+00   2.3795775624067335e+00
 3780   3.5898397582091301e+00   2.0853173745503808e+00
 3790   3.5839687288088298e+00   3.8697501399129502e-01
 3800   3.5743538699036925e+00   -1.4174560386069945e+00
 3810   3.5638004363155695e+00   8.9829044867647811e-02
 3820   3.5568806305891640e+00   4.1629919681377672e+00
 3830   3.5551633235910809e+00   2.9969688569555681e+00
 3840   3.5497960598010860e+00   1.7436845090737911e+00
 3850   3.5478088213003365e+00   3.8609018413756671e+00
 3860   3.5475025282924055e+00   2.3569642672095839e+00
 3870   3.5415808289647481e+00   2.3633043489245631e-01
 3880   3.5427697375685430e+00   5.0648510270809126e+00
 3890   3.5437321348321755e+00   4.3408949636706780e+00
 3900   3.5455258283827393e+00   4.5354350554535152e+00
 3910   3.5470898805348896e+00   4.8457049701008854e+00
 3920   3.5463666235380589e+00   2.3282356633935830e+00
 3930   3.5437221312126996e+00   4.6789707068756030e+00
 3940   3.5440334923767214e+00   3.1743416025411584e+00
 3950   3.5422283697029853e+00   4.1493065493081103e+00
 3960   3.5461365671579554e+00   4.6879510474296442e+00
 3970   3.5450060018051794e+00   2.5042471640666073e+00
 3980   3.5444887491602906e+00   4.3643504892521099e+00
 3990   3.5470370910162390e+00   4.7335419640897669e+00
 4000   3.5470109910537984e+00   2.5537743728837112e+00
