    0   0.0000000000000000e+00   0.0000000000000000e+00
   10   -1.7380611222907894e-01   -2.4829444604154133e-01
   20   5.6302607244089853e-01   2.1083790246345706e+00
   30   1.4619531168501656e+00   3.1776259602848653e+00
   40   1.8559029177395594e+00   4.3443175973970591e+00
   50   2.3188014746104315e+00   4.3452465999397960e+00
   60   2.5486333321181958e+00   4.5036218604158744e+00
   70   2.9703024556480879e+00   7.5288877886372951e+00
   80   3.4178286739424970e+00   7.1278871936143346e+00
   90   3.6751920092174539e+00   4.4373121308768084e+00
  100   3.8787523214737156e+00   5.9411189743890827e+00
  110   3.9860266866670435e+00   4.2318594160732594e+00
  120   3.9533992456106057e+00   3.6559685807902547e+00
  130   3.8263553223511702e+00   1.2832439343810536e+00
  140   3.9017662341103252e+00   5.3477480581648686e+00
  150   3.9428072580577118e+00   4.4947697722514341e+00
  160   4.0996398648998111e+00   7.1069152952044163e+00
  170   4.2101067455717844e+00   5.2389178076755538e+00
  180   4.2009801702599798e+00   2.8735072562506194e+00
  190   4.0764018543180311e+00   2.1208236176771713e+00
  200   4.0975180548639019e+00   3.8369774187104899e+00
  210   4.1655518004749039e+00   5.5413329461797955e+00
  220   4.2532310685112664e+00   6.1985100258855494e+00
  230   4.2708148569801683e+00   5.3174045626273152e+00
  240   4.3002551180891162e+00   3.7970405562293665e+00
  250   4.2568902628270084e+00   4.4366968934369835e+00
  260   4.3025635077969744e+00   4.2588425939886712e+00
  270   4.2734887579697451e+00   3.0716554649149068e+00
  280   4.2231202976811968e+00   2.4760048957516330e+00
  290   4.1995616257600838e+00   6.7692681708961695e+00
  300   4.2431612995754167e+00   4.7231968076832525e+00
  310   4.2487726859268617e+00   4.4171142764702145e+00
  320   4.2540333606313414e+00   4.4171142764702145e+00
  330   4.2357330954631598e+00   2.8979077489426635e+00
  340   4.2615710842369028e+00   5.2294515153531407e+00
  350   4.2676874339336388e+00   3.5428132948663933e+00
  360   4.2151784372158394e+00   1.4752191517464235e+00
  370   4.1328417988630282e+00   1.0674966783400004e+00
  380   4.0636910589384190e+00   9.6739515597992887e-01
  390   4.0129623322759933e+00   1.9253168905759908e+00
  400   3.9687066366008472e+00   2.2370468433661079e+00
  410   3.9423866981872702e+00   3.6288390389285810e+00
  420   3.9291008065756725e+00   3.3232643033930658e+00
  430   3.9494693207394604e+00   6.7425672687660692e+00
  440   3.9869164506462149e+00   4.4068179843680086e+00
  450   3.9570562467262684e+00   1.3651511440948638e+00
  460   3.8900956217950173e+00   7.5507893205275867e-01
  470   3.7866758977687938e+00   -2.3975053631985412e+00
  480   3.7655674061941604e+00   6.2004966826136867e+00
  490   3.8093030006681108e+00   5.7217929617004923e+00
  500   3.8425767029214257e+00   5.4229567628879973e+00
  510   3.8726606019421723e+00   5.7530768880918099e+00
  520   3.9278511917758476e+00   8.3613138866585963e+00
  530   3.9848760957788993e+00   6.6459635081116044e+00
  540   4.0284501237290256e+00   6.3378736050856750e+00
  550   4.0548030508682178e+00   4.1938289658688133e+00
  560   4.0385830553116149e+00   2.6895772014204784e+00
  570   4.0033286212417130e+00   1.2106049208926373e+00
  580   3.9449015405344769e+00   5.8256729587651512e-01
  590   3.8827687225371399e+00   -6.5415147002050100e-01
  600   3.8339424547728447e+00   3.1298474110304730e+00
  610   3.8287294957895126e+00   3.9215621948918304e+00
  620   3.8483262695687865e+00   4.4338489372697092e+00
  630   3.8521298589088215e+00   4.2254309652751685e+00
  640   3.8771247741431067e+00   4.7075888630113845e+00
  650   3.8899011447410805e+00   4.7075888630113845e+00
  660   3.8977516755882369e+00   4.4421458669147853e+00
  670   3.8936960759197530e+00   3.4237323927967340e+00
  680   3.8904395603470068e+00   3.5879979986893664e+00
  690   3.9041340938477105e+00   6.4591718257985180e+00
  700   3.9404932577528546e+00   5.7868943391583114e+00
  710   3.9608981026414738e+00   5.1751124069245487e+00
  720   3.9660242212618120e+00   4.1959067780081734e+00
  730   3.9974689274193884e+00   7.0778792279659513e+00
  740   4.0285409410620749e+00   5.8393385904058475e+00
  750   4.0497861799106163e+00   5.9373646798823243e+00
  760   4.0733544461890299e+00   5.4005525705852833e+00
  770   4.0858261232894479e+00   4.2372460120937410e+00
  780   4.0877674039151435e+00   4.2372460120937410e+00
  790   4.0897351380584732e+00   4.4112387441223078e+00
  800   4.1194061104737614e+00   5.9966184303839096e+00
  810   4.1358707830711392e+00   5.0141033881502191e+00
  820   4.1570436586472335e+00   5.7497438050094516e+00
  830   4.1639103233871051e+00   4.8329351663609996e+00
  840   4.1833733759390839e+00   5.8399237885093731e+00
  850   4.1975981757405663e+00   5.5039668490204807e+00
  860   4.2077837335779140e+00   4.4958469187946450e+00
  870   4.1957670627260661e+00   3.7926859239056792e+00
  880   4.2156674747274225e+00   5.7504237668119664e+00
  890   4.2255517320249041e+00   4.1191820133302555e+00
  900   4.2132041429789728e+00   3.0965252115159192e+00
  910   4.2092691734804042e+00   4.4925182537749793e+00
  920   4.2043238152025557e+00   2.9544272263235909e+00
  930   4.1817311763563714e+00   8.2067533035362594e-01
  940   4.1472703081197881e+00   1.2346084300634819e+00
  950   4.1449237126569303e+00   3.7851210815710288e+00
  960   4.1515408558661475e+00   7.0254662942194219e+00
  970   4.1632612545213519e+00   3.9421928641446820e+00
  980   4.1500230024762885e+00   2.6791812705405369e+00
  990   4.1342368630810427e+00   2.0777465412381098e+00
 1000   4.1147783840071588e+00   9.9792018531729565e-01
 1010   4.1104630157768458e+00   4.6969599981018284e+00
 1020   4.1186845214441057e+00   6.7050197344554547e+00
 1030   4.1422817653771622e+00   6.1873698399316650e+00
 1040   4.1542138997923912e+00   6.6540183849461618e+00
 1050   4.1771719870944128e+00   5.7308366743828127e+00
 1060   4.1959153282209591e+00   6.2241425208437118e+00
 1070   4.2306529233047749e+00   7.2448633402822367e+00
 1080   4.2466806093565621e+00   5.6761890254911096e+00
 1090   4.2524242252500875e+00   5.2250767237047597e+00
 1100   4.2840781787603461e+00   6.8080741826837023e+00
 1110   4.3014885706823520e+00   5.4432439843522520e+00
 1120   4.3016466398138622e+00   3.0788757682385035e+00
 1130   4.2954439690674233e+00   4.2969304722190831e+00
 1140   4.2981896253995782e+00   5.5763108028085240e+00
 1150   4.3202910362488156e+00   5.8734800864839904e+00
 1160   4.3464971259667680e+00   6.9998059409728608e+00
 1170   4.3701715217498487e+00   6.7656813095157950e+00
 1180   4.3822625426918904e+00   5.3001882452473845e+00
 1190   4.3820804443503558e+00   5.6444424485656581e+00
 1200   4.3989745959900208e+00   6.0514466780621952e+00
 1210   4.4122454248157590e+00   5.1109063109702451e+00
 1220   4.4142399490577917e+00   4.2587476747003343e+00
 1230   4.4346800313163230e+00   6.9313195894278188e+00
 1240   4.4524856218679059e+00   7.5212377476372509e+00
 1250   4.4666789945614580e+00   4.8955260630061490e+00
 1260   4.4725801675889212e+00   6.6353216366806409e+00
 1270   4.4885601228757972e+00   6.6799131568292411e+00
 1280   4.5094291985447184e+00   6.3437356405174308e+00
 1290   4.5116531737083996e+00   4.6891037485311262e+00
 1300   4.5018972547691414e+00   2.1882226922573529e+00
 1310   4.4815939487923186e+00   4.3643300348092229e+00
 1320   4.4716461305766790e+00   1.8018033890927734e+00
 1330   4.4469571519542415e+00   5.5042408674603838e-01
 1340   4.4180839882226186e+00   1.1403053143032915e+00
 1350   4.3887332314369623e+00   2.2091444245602214e+00
 1360   4.3955706652029320e+00   5.8887794959333881e+00
 1370   4.3986979134261786e+00   4.0820902389484708e+00
 1380   4.4026990505086694e+00   5.7174715896949015e+00
 1390   4.4110322282371754e+00   5.0950931466074536e+00
 1400   4.4229770019986399e+00   6.1926026820538933e+00
 1410   4.4379604868054887e+00   5.8474679508148686e+00
 1420   4.4423294978483954e+00   5.1374247118376779e+00
 1430   4.4453779462563316e+00   7.1261592797653295e+00
 1440   4.4575400027929550e+00   5.6436193878870267e+00
 1450   4.4638906622596162e+00   7.7466761296284723e+00
 1460   4.4826837121893286e+00   7.0719301760318451e+00
 1470   4.5035190873317941e+00   7.1036631397137420e+00
 1480   4.5122854189166981e+00   5.4257475250000669e+00
 1490   4.5178072777129632e+00   4.6560431976426306e+00
 1500   4.5111916892835682e+00   2.4494975441577620e+00
 1510   4.5010529514410438e+00   6.2383815119296333e+00
 1520   4.5009399373538148e+00   3.1599616862725659e+00
 1530   4.5043253933921497e+00   5.1636716222989483e+00
 1540   4.5182058003438943e+00   6.0872179516399436e+00
 1550   4.5245890112262526e+00   5.4633207843891318e+00
 1560   4.5294056532705467e+00   4.5235644462887885e+00
 1570   4.5293684481305361e+00   4.5235644462887885e+00
 1580   4.5293317139416640e+00   4.5235644462887885e+00
 1590   4.5231354042938641e+00   3.2590439800214126e+00
 1600   4.5146427884238758e+00   2.9432869302695148e+00
 1610   4.5022683548978009e+00   2.4793518970908410e+00
 1620   4.5150684242117958e+00   7.8390532755705111e+00
 1630   4.5290583238523938e+00   5.9415106142182488e+00
 1640   4.5323811774775384e+00   4.8531456899139727e+00
 1650   4.5394207023961943e+00   4.9271616993677796e+00
 1660   4.5358299922425092e+00   2.9365764403483992e+00
 1670   4.5177938472311565e+00   6.9638182698650819e-01
 1680   4.4867395558825933e+00   -7.3803587338642829e-01
 1690   4.4885281535873407e+00   4.3111642608461924e+00
 1700   4.4863780886174398e+00   6.0660889997943128e+00
 1710   4.4976123107921202e+00   6.9680925304020391e+00
 1720   4.5101410476947832e+00   6.6525550580500283e+00
 1730   4.5186932430251341e+00   5.7055446734498503e+00
 1740   4.5255142282574594e+00   5.7055446734498503e+00
 1750   4.5304089821898437e+00   4.4482743305886956e+00
 1760   4.5404265615480712e+00   8.0283294899881401e+00
 1770   4.5516298186492214e+00   5.7606861682711017e+00
 1780   4.5534465660959125e+00   4.8027019053079414e+00
 1790   4.5520914918841404e+00   5.7298095243501663e+00
 1800   4.5652221798970709e+00   7.1332250342756973e+00
 1810   4.5764361603027881e+00   5.0708842345256224e+00
 1820   4.5814557492421404e+00   5.3642289460726218e+00
 1830   4.5812825294593349e+00   4.9211263178746929e+00
 1840   4.5789755116170427e+00   3.9696565087336597e+00
 1850   4.5751697315439603e+00   3.3376340955412314e+00
 1860   4.5662584209039867e+00   2.2334097805384179e+00
 1870   4.5513996372267913e+00   7.2319886548385481e-01
 1880   4.5456283583852217e+00   3.4429435311134009e+00
 1890   4.5420933827561703e+00   4.2859442898608204e+00
 1900   4.5399144070355808e+00   3.6538669412716946e+00
 1910   4.5321303363852747e+00   2.7052859981968380e+00
 1920   4.5226155221238757e+00   2.7052859981968380e+00
 1930   4.5115624106294918e+00   1.7598679810114766e+00
 1940   4.5097419683384325e+00   4.1290894105306961e+00
 1950   4.5058235480213717e+00   3.9640988239774062e+00
 1960   4.5025134219366061e+00   3.0976239593823078e+00
 1970   4.4901525931985482e+00   1.0707388110533003e+00
 1980   4.4957785695225176e+00   5.4084305991706039e+00
 1990   4.5004549523317205e+00   5.5244496581722142e+00
 2000   4.5006839763303557e+00   3.2786952116689756e+00
 2010   4.4973407598580453e+00   4.5193259318767023e+00
 2020   4.4943256138812764e+00   2.9440395316218209e+00
 2030   4.4829570416207511e+00   2.6366855577755750e+00
 2040   4.4801332593091558e+00   5.8217612357585296e+00
 2050   4.4841172526764970e+00   5.0632979486047596e+00
 2060   4.4853938641688300e+00   4.7470992200972351e+00
 2070   4.4854300203629256e+00   3.6877267408023382e+00
 2080   4.4794733321462381e+00   2.4282051159284617e+00
 2090   4.4696586516858661e+00   2.4282051159284617e+00
 2100   4.4599374443727360e+00   2.4282051159284617e+00
 2110   4.4656578438745891e+00   7.6295308447799739e+00
 2120   4.4743235886609751e+00   6.5295414309216611e+00
 2130   4.4795516662101802e+00   5.9514413111088755e+00
 2140   4.4778978763013848e+00   2.7434205882315479e+00
 2150   4.4700207695315903e+00   3.0391163227505640e+00
 2160   4.4688788471951240e+00   3.5159656889596502e+00
 2170   4.4778634790435312e+00   9.5822595768309125e+00
 2180   4.4902259130494881e+00   6.4814258652790748e+00
 2190   4.4934108912920587e+00   4.8639345771474503e+00
 2200   4.4969664539777998e+00   4.8958940040774275e+00
 2210   4.4981811439028450e+00   5.3443407172786515e+00
 2220   4.5081112203055538e+00   7.7477805756423095e+00
 2230   4.5187456959674765e+00   6.7782787322489515e+00
 2240   4.5277051269550226e+00   6.4625031134100013e+00
 2250   4.5333352347299769e+00   5.4192079535820961e+00
 2260   4.5335633581549928e+00   3.9367339408838689e+00
 2270   4.5291264722486515e+00   3.3054414429775187e+00
 2280   4.5240210155376568e+00   2.5200747630841072e+00
 2290   4.5160459356562628e+00   1.6105296614915039e+00
 2300   4.5034132562033724e+00   1.6105296614915039e+00
 2310   4.4882939889288043e+00   9.7923412391473752e-01
 2320   4.4727983708200583e+00   2.0333872437705693e+00
 2330   4.4724627723504478e+00   5.2438972896826259e+00
 2340   4.4765134006233902e+00   6.4188516187548910e+00
 2350   4.4830475960681921e+00   4.8019502279845883e+00
 2360   4.4866062502677133e+00   5.9428121205317543e+00
 2370   4.4948129609462466e+00   7.0112136149150439e+00
 2380   4.5053860729377124e+00   7.0112136149150439e+00
 2390   4.5118433525380857e+00   5.2187643738730962e+00
 2400   4.5074828118130004e+00   2.0439761999888542e+00
 2410   4.5019106171440084e+00   3.7724514592095111e+00
 2420   4.4957375599564395e+00   2.4980999904468466e+00
 2430   4.4845327810907056e+00   1.0495286735149014e+00
 2440   4.4730495081055270e+00   5.8843784492386799e+00
 2450   4.4743088795200432e+00   4.1985612865582240e+00
 2460   4.4805566904638878e+00   6.2495677603309057e+00
 2470   4.4821045344022954e+00   3.7787590585000110e+00
 2480   4.4741776769886608e+00   2.2958425005804828e+00
 2490   4.4737233740994222e+00   6.6946931482886161e+00
 2500   4.4763683096154114e+00   3.7440311111919891e+00
 2510   4.4694047208929417e+00   1.7971241689458477e+00
 2520   4.4765594662696930e+00   6.3421274046928655e+00
 2530   4.4827056770117872e+00   5.3639765625354938e+00
 2540   4.4843121291827845e+00   4.0762657742997028e+00
 2550   4.4824394160537118e+00   5.2352193008695531e+00
 2560   4.4883541868229608e+00   7.4802729387307894e+00
 2570   4.4987799291864130e+00   6.0294474165901697e+00
 2580   4.4996121974276981e+00   3.6735308965274687e+00
 2590   4.4899567130862099e+00   1.0845333400961474e+00
 2600   4.4751783123378717e+00   -1.1886371783620153e-01
 2610   4.4561069356780596e+00   -8.4933941920638711e-01
 2620   4.4391045040143782e+00   5.4915592636764963e+00
 2630   4.4482611672334311e+00   6.5475894121937408e+00
 2640   4.4559783438698082e+00   6.9867138751740754e+00
 2650   4.4633487292043998e+00   6.8596666158623663e+00
 2660   4.4703673790134522e+00   6.2515174641519735e+00
 2670   4.4775683257217205e+00   6.5526278559911075e+00
 2680   4.4814336104400798e+00   4.8880436127253883e+00
 2690   4.4841290834146772e+00   5.3951525432846443e+00
 2700   4.4850252356640485e+00   5.2807406215593993e+00
 2710   4.4867623220128277e+00   3.7838588623767428e+00
 2720   4.4893052958777329e+00   4.9948019565781756e+00
 2730   4.4980536515381306e+00   5.8759341018043072e+00
 2740   4.5009086862571595e+00   5.8048976002292312e+00
 2750   4.5081354284665220e+00   6.9281187742046040e+00
 2760   4.5140510353836492e+00   8.2103476173072885e+00
 2770   4.5235127143684384e+00   6.6240372479792802e+00
 2780   4.5296012194331690e+00   7.3855587321940135e+00
 2790   4.5403422175917543e+00   7.1683700985476371e+00
 2800   4.5483130553751074e+00   7.1381862839545693e+00
 2810   4.5578615734299603e+00   8.9937170442209702e+00
 2820   4.5673797080477572e+00   5.9185732801295972e+00
 2830   4.5671129645334938e+00   3.3414671545538805e+00
 2840   4.5576449369569509e+00   7.5857614405422036e-01
 2850   4.5523813304357539e+00   3.9806754724248208e+00
 2860   4.5540575215648946e+00   3.7514063054836120e+00
 2870   4.5479227378965419e+00   2.8307707181877158e+00
 2880   4.5412948149022743e+00   1.8726745639690874e+00
 2890   4.5386162342845644e+00   3.0525863006076412e+00
 2900   4.5327854154725875e+00   4.0308585274085216e+00
 2910   4.5363551732201186e+00   5.1393466228064391e+00
 2920   4.5352886056944168e+00   3.8465520999920244e+00
 2930   4.5306569843724622e+00   1.9341658940278088e+00
 2940   4.5192959796229131e+00   6.4727946682526549e-01
 2950   4.5071955083727362e+00   1.2142805947400841e+00
 2960   4.4935419298527606e+00   -2.3210178660342012e-01
 2970   4.4733573988680480e+00   -2.3710526247141659e+00
 2980   4.4481593321588884e+00   -3.4781823134343552e+00
 2990   4.4216498283274746e+00   -3.4781823134343552e+00
 3000   4.4076339226484516e+00   2.1136463776056926e+00
 3010   4.4090288485688349e+00   4.7555927994966067e+00
 3020   4.4078037928421487e+00   4.4968391125913278e+00
 3030   4.4084675348915594e+00   3.2033736205311563e+00
 3040   4.4024116568974687e+00   2.2490296578189843e+00
 3050   4.3953513880480317e+00   2.2490296578189843e+00
 3060   4.3883372647466290e+00   2.2490296578189843e+00
 3070   4.3794100208928999e+00   1.3005982332780501e+00
 3080   4.3694138787253198e+00   1.3005982332780501e+00
 3090   4.3676485250935340e+00   6.7106176162856528e+00
 3100   4.3729910891731230e+00   5.6238982637441488e+00
 3110   4.3787396482489491e+00   6.2203204061262767e+00
 3120   4.3804301190753998e+00   5.6938924503490798e+00
 3130   4.3844414798943481e+00   5.7914613785621389e+00
 3140   4.3911876972891459e+00   8.1262211475029655e+00
 3150   4.3986192222450127e+00   5.8736907014866775e+00
 3160   4.4072778394253573e+00   7.2483841691069326e+00
 3170   4.4132579262347420e+00   5.9220191282983574e+00
 3180   4.4189192020956707e+00   6.4121901760630546e+00
 3190   4.4234682003656101e+00   6.0691106439877069e+00
 3200   4.4266736208873327e+00   4.9835014452751851e+00
 3210   4.4305122811077409e+00   6.9943001745578517e+00
 3220   4.4393767234565349e+00   6.6435093818764104e+00
 3230   4.4410229434594735e+00   3.9830131750915312e+00
 3240   4.4414285804018885e+00   6.0819978050428807e+00
 3250   4.4443262872366454e+00   5.0321437488322118e+00
 3260   4.4460114591491955e+00   5.5084182823157999e+00
 3270   4.4536587125077940e+00   6.6051921974655814e+00
 3280   4.4578963213471310e+00   5.4479577353020447e+00
 3290   4.4639803143618586e+00   5.4692800653808487e+00
 3300   4.4652657325833811e+00   4.4934305501285712e+00
 3310   4.4631311273619438e+00   2.8880783789868225e+00
 3320   4.4543815887463136e+00   3.5065495831462168e-01
 3330   4.4503602034471070e+00   2.5470056742970604e+00
 3340   4.4457608583952961e+00   3.8198882588741130e+00
 3350   4.4503146277771144e+00   6.3358385782202902e+00
 3360   4.4528274817425686e+00   4.3680466167979448e+00
 3370   4.4508974379110073e+00   3.7736971587167711e+00
 3380   4.4472208659592694e+00   2.6425517609806435e+00
 3390   4.4382702106803578e+00   3.4651694990057169e-01
 3400   4.4351166912217845e+00   4.2493152180174434e+00
 3410   4.4361107024875333e+00   5.3562411133592285e+00
 3420   4.4398250400807076e+00   5.3186646516352400e+00
 3430   4.4441334196000311e+00   5.2978581626408250e+00
 3440   4.4461956675861032e+00   5.7955029424732230e+00
 3450   4.4503413219520844e+00   8.3483518095183982e+00
 3460   4.4582414154704111e+00   6.3008046676606657e+00
 3470   4.4595975497979552e+00   3.9383360162753691e+00
 3480   4.4620290396293161e+00   4.3233589640760028e+00
 3490   4.4604452701410020e+00   3.6863317457524394e+00
 3500   4.4574469470438727e+00   3.6330176302790624e+00
 3510   4.4650002746140345e+00   7.1132955241629512e+00
 3520   4.4689767767593507e+00   4.9555869283820408e+00
 3530   4.4709326793841395e+00   4.7668143611706624e+00
 3540   4.4704149957705983e+00   3.9598643483897180e+00
 3550   4.4679633372516605e+00   3.3047976784761306e+00
 3560   4.4671211582741508e+00   4.7446668657049074e+00
 3570   4.4738552144285997e+00   5.6794228057290441e+00
 3580   4.4781828410366167e+00   6.1724007669614469e+00
 3590   4.4823049117697913e+00   5.1576167898189320e+00
 3600   4.4884052280744617e+00   6.7982234976899711e+00
 3610   4.4918316312866571e+00   6.2391914384829139e+00
 3620   4.4958215718787500e+00   6.1697591110962318e+00
 3630   4.4992869967164824e+00   5.0648931463360212e+00
 3640   4.5002929757719174e+00   4.9066373136061046e+00
 3650   4.5010232067680871e+00   3.6855061186701392e+00
 3660   4.5035841800854044e+00   6.5751724591463825e+00
 3670   4.5068987369353639e+00   6.1478716488906358e+00
 3680   4.5103136582071057e+00   4.7819326011993804e+00
 3690   4.5143671512903127e+00   5.9107759476524073e+00
 3700   4.5164841652590049e+00   5.1752282073459845e+00
 3710   4.5157715289099070e+00   3.6396386824531337e+00
 3720   4.5128965829858094e+00   2.6766615581818538e+00
 3730   4.5171061454408346e+00   6.9823909113778555e+00
 3740   4.5213091981392308e+00   6.6012592644370915e+00
 3750   4.5270747641751603e+00   6.3584175792420439e+00
 3760   4.5278283625691218e+00   4.2939689914323100e+00
 3770   4.5301245234468839e+00   6.9745791830027617e+00
 3780   4.5360474619833075e+00   6.4613125645696492e+00
 3790   4.5415155332060602e+00   6.7371693202393041e+00
 3800   4.5446085762616910e+00   5.1154617217225464e+00
 3810   4.5468674288677171e+00   4.9691689488668862e+00
 3820   4.5471866217601322e+00   5.4825571888332751e+00
 3830   4.5512105991204059e+00   6.6395418224459490e+00
 3840   4.5528205796148153e+00   4.8749622227483353e+00
 3850   4.5544382023455636e+00   6.1393065613741546e+00
 3860   4.5565999980355816e+00   5.1634076959031905e+00
 3870   4.5580859239063978e+00   4.8458638372888849e+00
 3880   4.5571830265740454e+00   4.6895504088992803e+00
 3890   4.5553926221261261e+00   3.6406034704657064e+00
 3900   4.5507575312406683e+00   1.9685726092607705e+00
 3910   4.5445836370615647e+00   5.4069599596142481e+00
 3920   4.5470243223284132e+00   5.6126120598658105e+00
 3930   4.5478398158816189e+00   3.8696741476886558e+00
 3940   4.5442593686710318e+00   2.9130916635864872e+00
 3950   4.5402104220457336e+00   3.7089308139168362e+00
 3960   4.5388566725161290e+00   5.2470394151603221e+00
 3970   4.5397043948676803e+00   6.6290019448469790e+00
 3980   4.5420362678847761e+00   4.3112221930529335e+00
 3990   4.5427706467278783e+00   4.3359463084103176e+00
 4000   4.5389179838770248e+00   2.1085236411330674e+00
