#! FIELDS dist log_targetdist
#! SET min_dist 0.2
#! SET max_dist 0.7
#! SET nbins_dist  301
#! SET periodic_dist false
    0.200000000    1.252155682
    0.201666667    1.399492801
    0.203333333    1.542210244
    0.205000000    1.676685037
    0.206666667    1.799974643
    0.208333333    1.909603207
    0.210000000    2.002074701
    0.211666667    2.073865226
    0.213333333    2.121741275
    0.215000000    2.144350107
    0.216666667    2.142979219
    0.218333333    2.119583126
    0.220000000    2.076860881
    0.221666667    2.017463051
    0.223333333    1.943418535
    0.225000000    1.857493836
    0.226666667    1.762922768
    0.228333333    1.661887429
    0.230000000    1.556079043
    0.231666667    1.446835741
    0.233333333    1.335387613
    0.235000000    1.224195238
    0.236666667    1.115824819
    0.238333333    1.012285212
    0.240000000    0.914990100
    0.241666667    0.824014262
    0.243333333    0.739084506
    0.245000000    0.660127675
    0.246666667    0.586705482
    0.248333333    0.518094874
    0.250000000    0.453426306
    0.251666667    0.391838321
    0.253333333    0.333449589
    0.255000000    0.278897970
    0.256666667    0.228842952
    0.258333333    0.183918751
    0.260000000    0.144071445
    0.261666667    0.109186161
    0.263333333    0.079482392
    0.265000000    0.054856138
    0.266666667    0.035150144
    0.268333333    0.020125225
    0.270000000    0.009325683
    0.271666667    0.002589911
    0.273333333    0.000000000
    0.275000000    0.001565276
    0.276666667    0.007088614
    0.278333333    0.016039690
    0.280000000    0.027724260
    0.281666667    0.041526379
    0.283333333    0.056803640
    0.285000000    0.072902273
    0.286666667    0.089195069
    0.288333333    0.105039027
    0.290000000    0.120117951
    0.291666667    0.134476211
    0.293333333    0.148249846
    0.295000000    0.161614393
    0.296666667    0.174658467
    0.298333333    0.187391542
    0.300000000    0.199948282
    0.301666667    0.212457258
    0.303333333    0.224950710
    0.305000000    0.237438422
    0.306666667    0.249862480
    0.308333333    0.262226621
    0.310000000    0.274681017
    0.311666667    0.287354097
    0.313333333    0.300336644
    0.315000000    0.313615109
    0.316666667    0.327056543
    0.318333333    0.340549184
    0.320000000    0.353978789
    0.321666667    0.367201531
    0.323333333    0.380081546
    0.325000000    0.392446754
    0.326666667    0.404179596
    0.328333333    0.415279678
    0.330000000    0.425773574
    0.331666667    0.435700999
    0.333333333    0.445094539
    0.335000000    0.453935073
    0.336666667    0.462213336
    0.338333333    0.469954862
    0.340000000    0.477163097
    0.341666667    0.483833901
    0.343333333    0.489962766
    0.345000000    0.495544634
    0.346666667    0.500600597
    0.348333333    0.505161683
    0.350000000    0.509261979
    0.351666667    0.512923583
    0.353333333    0.516141217
    0.355000000    0.518921242
    0.356666667    0.521268476
    0.358333333    0.523181034
    0.360000000    0.524664809
    0.361666667    0.525724505
    0.363333333    0.526359866
    0.365000000    0.526579637
    0.366666667    0.526406557
    0.368333333    0.525858749
    0.370000000    0.524949543
    0.371666667    0.523696131
    0.373333333    0.522110546
    0.375000000    0.520203891
    0.376666667    0.517988810
    0.378333333    0.515479243
    0.380000000    0.512685109
    0.381666667    0.509612525
    0.383333333    0.506276171
    0.385000000    0.502687938
    0.386666667    0.498856355
    0.388333333    0.494794563
    0.390000000    0.490512751
    0.391666667    0.486018066
    0.393333333    0.481318853
    0.395000000    0.476425852
    0.396666667    0.471347835
    0.398333333    0.466090888
    0.400000000    0.460665950
    0.401666667    0.455081799
    0.403333333    0.449346409
    0.405000000    0.443470425
    0.406666667    0.437464582
    0.408333333    0.431336584
    0.410000000    0.425093096
    0.411666667    0.418743680
    0.413333333    0.412296912
    0.415000000    0.405761778
    0.416666667    0.399150339
    0.418333333    0.392472023
    0.420000000    0.385736837
    0.421666667    0.378957005
    0.423333333    0.372144604
    0.425000000    0.365311185
    0.426666667    0.358464631
    0.428333333    0.351609288
    0.430000000    0.344749810
    0.431666667    0.337891201
    0.433333333    0.331039766
    0.435000000    0.324203187
    0.436666667    0.317387918
    0.438333333    0.310602246
    0.440000000    0.303858019
    0.441666667    0.297168714
    0.443333333    0.290550800
    0.445000000    0.284016468
    0.446666667    0.277574807
    0.448333333    0.271236936
    0.450000000    0.265013307
    0.451666667    0.258917000
    0.453333333    0.252965060
    0.455000000    0.247172180
    0.456666667    0.241549154
    0.458333333    0.236109029
    0.460000000    0.230866161
    0.461666667    0.225828707
    0.463333333    0.221002176
    0.465000000    0.216385224
    0.466666667    0.211970654
    0.468333333    0.207748444
    0.470000000    0.203711155
    0.471666667    0.199854734
    0.473333333    0.196168889
    0.475000000    0.192644015
    0.476666667    0.189271883
    0.478333333    0.186039786
    0.480000000    0.182938295
    0.481666667    0.179959317
    0.483333333    0.177091928
    0.485000000    0.174324888
    0.486666667    0.171648859
    0.488333333    0.169059144
    0.490000000    0.166554389
    0.491666667    0.164136724
    0.493333333    0.161810846
    0.495000000    0.159579144
    0.496666667    0.157443253
    0.498333333    0.155407095
    0.500000000    0.153475747
    0.501666667    0.151654903
    0.503333333    0.149952146
    0.505000000    0.148375988
    0.506666667    0.146930438
    0.508333333    0.145619329
    0.510000000    0.144447407
    0.511666667    0.143418265
    0.513333333    0.142531935
    0.515000000    0.141787383
    0.516666667    0.141180899
    0.518333333    0.140703335
    0.520000000    0.140352547
    0.521666667    0.140130112
    0.523333333    0.140032685
    0.525000000    0.140054937
    0.526666667    0.140180888
    0.528333333    0.140389664
    0.530000000    0.140663962
    0.531666667    0.140987788
    0.533333333    0.141349824
    0.535000000    0.141738826
    0.536666667    0.142143024
    0.538333333    0.142562643
    0.540000000    0.143007936
    0.541666667    0.143495230
    0.543333333    0.144044858
    0.545000000    0.144664684
    0.546666667    0.145357007
    0.548333333    0.146130108
    0.550000000    0.146998535
    0.551666667    0.147988654
    0.553333333    0.149130382
    0.555000000    0.150446808
    0.556666667    0.151960357
    0.558333333    0.153691020
    0.560000000    0.155657895
    0.561666667    0.157877483
    0.563333333    0.160337173
    0.565000000    0.163007372
    0.566666667    0.165852643
    0.568333333    0.168828185
    0.570000000    0.171902416
    0.571666667    0.175047151
    0.573333333    0.178227079
    0.575000000    0.181404286
    0.576666667    0.184533791
    0.578333333    0.187571256
    0.580000000    0.190482552
    0.581666667    0.193236908
    0.583333333    0.195808819
    0.585000000    0.198179167
    0.586666667    0.200334536
    0.588333333    0.202278152
    0.590000000    0.204027851
    0.591666667    0.205622359
    0.593333333    0.207103797
    0.595000000    0.208498119
    0.596666667    0.209838831
    0.598333333    0.211163826
    0.600000000    0.212536060
    0.601666667    0.214060679
    0.603333333    0.215842193
    0.605000000    0.217981133
    0.606666667    0.220569850
    0.608333333    0.223670155
    0.610000000    0.227363391
    0.611666667    0.231738106
    0.613333333    0.236819800
    0.615000000    0.242625541
    0.616666667    0.249145100
    0.618333333    0.256373125
    0.620000000    0.264379375
    0.621666667    0.273234736
    0.623333333    0.282990498
    0.625000000    0.293625710
    0.626666667    0.305038936
    0.628333333    0.317158746
    0.630000000    0.329929367
    0.631666667    0.343260484
    0.633333333    0.357076954
    0.635000000    0.371285980
    0.636666667    0.385839318
    0.638333333    0.400894062
    0.640000000    0.416696238
    0.641666667    0.433471202
    0.643333333    0.451432366
    0.645000000    0.470683499
    0.646666667    0.491311772
    0.648333333    0.513461384
    0.650000000    0.537222630
    0.651666667    0.562654140
    0.653333333    0.589707456
    0.655000000    0.618295549
    0.656666667    0.648535161
    0.658333333    0.680538774
    0.660000000    0.714352941
    0.661666667    0.749937518
    0.663333333    0.786916894
    0.665000000    0.824814585
    0.666666667    0.863273258
    0.668333333    0.901824928
    0.670000000    0.939949330
    0.671666667    0.977119332
    0.673333333    1.012749527
    0.675000000    1.046678307
    0.676666667    1.079054467
    0.678333333    1.110008261
    0.680000000    1.139676845
    0.681666667    1.167936530
    0.683333333    1.194509171
    0.685000000    1.219286652
    0.686666667    1.242111421
    0.688333333    1.262677606
    0.690000000    1.280565158
    0.691666667    1.295172410
    0.693333333    1.306207848
    0.695000000    1.313719324
    0.696666667    1.317690364
    0.698333333    1.318058935
    0.700000000    1.314162963
