#! FIELDS dist ves.fes
#! SET min_dist 0.2
#! SET max_dist 0.7
#! SET nbins_dist  301
#! SET periodic_dist false
    0.200000000   12.770302052
    0.201666667   13.300112736
    0.203333333   13.830647658
    0.205000000   14.367964246
    0.206666667   14.917004778
    0.208333333   15.481993878
    0.210000000   16.062653243
    0.211666667   16.655604102
    0.213333333   17.260885535
    0.215000000   17.874352790
    0.216666667   18.485355473
    0.218333333   19.080082041
    0.220000000   19.640716728
    0.221666667   20.155317726
    0.223333333   20.619417330
    0.225000000   21.026732772
    0.226666667   21.369149401
    0.228333333   21.629473246
    0.230000000   21.782352512
    0.231666667   21.811552838
    0.233333333   21.700931981
    0.235000000   21.431047601
    0.236666667   20.989605085
    0.238333333   20.363445070
    0.240000000   19.549976674
    0.241666667   18.567758899
    0.243333333   17.443627217
    0.245000000   16.206509968
    0.246666667   14.880342809
    0.248333333   13.484519513
    0.250000000   12.042474178
    0.251666667   10.580694904
    0.253333333    9.126798568
    0.255000000    7.709228490
    0.256666667    6.349648623
    0.258333333    5.070876697
    0.260000000    3.901738260
    0.261666667    2.869176908
    0.263333333    1.999699237
    0.265000000    1.302011803
    0.266666667    0.767438717
    0.268333333    0.384728188
    0.270000000    0.138997990
    0.271666667    0.014638109
    0.273333333    0.000000000
    0.275000000    0.078193690
    0.276666667    0.229614545
    0.278333333    0.443062139
    0.280000000    0.710189991
    0.281666667    1.024734708
    0.283333333    1.378945171
    0.285000000    1.757287284
    0.286666667    2.144730671
    0.288333333    2.529489160
    0.290000000    2.905352353
    0.291666667    3.273783482
    0.293333333    3.636559404
    0.295000000    3.995272604
    0.296666667    4.353928482
    0.298333333    4.716655736
    0.300000000    5.089485240
    0.301666667    5.477191556
    0.303333333    5.877731973
    0.305000000    6.286721895
    0.306666667    6.699587852
    0.308333333    7.112557551
    0.310000000    7.525433025
    0.311666667    7.937583101
    0.313333333    8.346995455
    0.315000000    8.752046518
    0.316666667    9.150851397
    0.318333333    9.542312132
    0.320000000    9.925595362
    0.321666667   10.298162584
    0.323333333   10.656935921
    0.325000000   10.998845189
    0.326666667   11.322071292
    0.328333333   11.627091973
    0.330000000   11.914846755
    0.331666667   12.186101243
    0.333333333   12.441970915
    0.335000000   12.683052371
    0.336666667   12.910045548
    0.338333333   13.124265569
    0.340000000   13.325737466
    0.341666667   13.513628746
    0.343333333   13.687180670
    0.345000000   13.845586725
    0.346666667   13.988709459
    0.348333333   14.116701605
    0.350000000   14.229627416
    0.351666667   14.327416616
    0.353333333   14.409593679
    0.355000000   14.476274434
    0.356666667   14.527648135
    0.358333333   14.563550618
    0.360000000   14.583915322
    0.361666667   14.588787859
    0.363333333   14.578213670
    0.365000000   14.552887931
    0.366666667   14.514236636
    0.368333333   14.463546920
    0.370000000   14.402019417
    0.371666667   14.330862950
    0.373333333   14.251140771
    0.375000000   14.164058186
    0.376666667   14.070811187
    0.378333333   13.972572026
    0.380000000   13.870313754
    0.381666667   13.764798423
    0.383333333   13.657115350
    0.385000000   13.548404969
    0.386666667   13.439662197
    0.388333333   13.331654987
    0.390000000   13.224467703
    0.391666667   13.117810869
    0.393333333   13.011423941
    0.395000000   12.904909730
    0.396666667   12.797882063
    0.398333333   12.689884877
    0.400000000   12.580306218
    0.401666667   12.468820558
    0.403333333   12.355414771
    0.405000000   12.240162521
    0.406666667   12.123173710
    0.408333333   12.004227238
    0.410000000   11.882874732
    0.411666667   11.758898612
    0.413333333   11.632107471
    0.415000000   11.502380668
    0.416666667   11.369754169
    0.418333333   11.234043576
    0.420000000   11.095223777
    0.421666667   10.953620631
    0.423333333   10.809555621
    0.425000000   10.663301539
    0.426666667   10.514714059
    0.428333333   10.363259709
    0.430000000   10.208516004
    0.431666667   10.050086859
    0.433333333    9.887686308
    0.435000000    9.721181010
    0.436666667    9.550316611
    0.438333333    9.375159336
    0.440000000    9.196526924
    0.441666667    9.015424881
    0.443333333    8.832992024
    0.445000000    8.650298974
    0.446666667    8.468028504
    0.448333333    8.287018018
    0.450000000    8.108237852
    0.451666667    7.932611741
    0.453333333    7.761153280
    0.455000000    7.594661060
    0.456666667    7.433783446
    0.458333333    7.279565097
    0.460000000    7.133145699
    0.461666667    6.995285544
    0.463333333    6.866465127
    0.465000000    6.746492173
    0.466666667    6.634866686
    0.468333333    6.531091127
    0.470000000    6.434581736
    0.471666667    6.344802584
    0.473333333    6.260931028
    0.475000000    6.182185049
    0.476666667    6.108366129
    0.478333333    6.039444597
    0.480000000    5.975435849
    0.481666667    5.916374692
    0.483333333    5.861863726
    0.485000000    5.811373568
    0.486666667    5.764618359
    0.488333333    5.721248482
    0.490000000    5.680782912
    0.491666667    5.642714114
    0.493333333    5.606402394
    0.495000000    5.571524253
    0.496666667    5.538022969
    0.498333333    5.505773516
    0.500000000    5.474552972
    0.501666667    5.443642232
    0.503333333    5.412097324
    0.505000000    5.379216487
    0.506666667    5.344315441
    0.508333333    5.306685931
    0.510000000    5.265712394
    0.511666667    5.220820835
    0.513333333    5.172059507
    0.515000000    5.120183868
    0.516666667    5.066120120
    0.518333333    5.010940422
    0.520000000    4.955502117
    0.521666667    4.900469020
    0.523333333    4.846759108
    0.525000000    4.795284176
    0.526666667    4.746791068
    0.528333333    4.701957994
    0.530000000    4.661183828
    0.531666667    4.625028366
    0.533333333    4.594503314
    0.535000000    4.570355525
    0.536666667    4.553208308
    0.538333333    4.543364514
    0.540000000    4.540446280
    0.541666667    4.544126126
    0.543333333    4.554109969
    0.545000000    4.569816238
    0.546666667    4.590556209
    0.548333333    4.615585794
    0.550000000    4.644362155
    0.551666667    4.676850952
    0.553333333    4.713226319
    0.555000000    4.753621987
    0.556666667    4.798076456
    0.558333333    4.846389610
    0.560000000    4.898394902
    0.561666667    4.953966161
    0.563333333    5.012571639
    0.565000000    5.073479835
    0.566666667    5.135880278
    0.568333333    5.198879439
    0.570000000    5.261821579
    0.571666667    5.324143641
    0.573333333    5.385222406
    0.575000000    5.444483553
    0.576666667    5.501365445
    0.578333333    5.555315631
    0.580000000    5.605954095
    0.581666667    5.652959389
    0.583333333    5.696036044
    0.585000000    5.735164044
    0.586666667    5.770491335
    0.588333333    5.802133052
    0.590000000    5.830373708
    0.591666667    5.855779630
    0.593333333    5.879108253
    0.595000000    5.901678432
    0.596666667    5.925023805
    0.598333333    5.950408804
    0.600000000    5.979482937
    0.601666667    6.014065381
    0.603333333    6.056183135
    0.605000000    6.108375211
    0.606666667    6.172066157
    0.608333333    6.247562269
    0.610000000    6.335673358
    0.611666667    6.437724860
    0.613333333    6.556373129
    0.615000000    6.695298728
    0.616666667    6.856945907
    0.618333333    7.043751799
    0.620000000    7.258515748
    0.621666667    7.503885153
    0.623333333    7.783263261
    0.625000000    8.095967408
    0.626666667    8.437530835
    0.628333333    8.803252343
    0.630000000    9.187665818
    0.631666667    9.588290931
    0.633333333   10.005386676
    0.635000000   10.437001723
    0.636666667   10.881148821
    0.638333333   11.336844032
    0.640000000   11.803368681
    0.641666667   12.283494592
    0.643333333   12.777829829
    0.645000000   13.281362459
    0.646666667   13.789485545
    0.648333333   14.298490554
    0.650000000   14.812037489
    0.651666667   15.342962768
    0.653333333   15.901680027
    0.655000000   16.496870164
    0.656666667   17.136075119
    0.658333333   17.821485088
    0.660000000   18.558321771
    0.661666667   19.347294986
    0.663333333   20.175451252
    0.665000000   21.024888043
    0.666666667   21.872721866
    0.668333333   22.699548223
    0.670000000   23.497135363
    0.671666667   24.254611892
    0.673333333   24.956613047
    0.675000000   25.582200630
    0.676666667   26.102483512
    0.678333333   26.493712236
    0.680000000   26.735712506
    0.681666667   26.806567227
    0.683333333   26.686663435
    0.685000000   26.354159339
    0.686666667   25.805152491
    0.688333333   25.057588802
    0.690000000   24.136272847
    0.691666667   23.074039257
    0.693333333   21.900115085
    0.695000000   20.633508406
    0.696666667   19.299282933
    0.698333333   17.927956982
    0.700000000   16.548771742
