#! FIELDS dist ves.fes
#! SET min_dist 0.2
#! SET max_dist 0.7
#! SET nbins_dist  301
#! SET periodic_dist false
    0.200000000   26.347056498
    0.201666667   29.561516722
    0.203333333   32.685073069
    0.205000000   35.640531213
    0.206666667   38.365402272
    0.208333333   40.807059851
    0.210000000   42.889516034
    0.211666667   44.535526595
    0.213333333   45.674938914
    0.215000000   46.277472858
    0.216666667   46.369135125
    0.218333333   45.989994487
    0.220000000   45.195248108
    0.221666667   44.040163462
    0.223333333   42.567927560
    0.225000000   40.837308747
    0.226666667   38.916807899
    0.228333333   36.850674210
    0.230000000   34.671167539
    0.231666667   32.404138827
    0.233333333   30.073164440
    0.235000000   27.727921116
    0.236666667   25.421345117
    0.238333333   23.194197136
    0.240000000   21.075991127
    0.241666667   19.070529889
    0.243333333   17.175300001
    0.245000000   15.392386111
    0.246666667   13.715328326
    0.248333333   12.130905967
    0.250000000   10.623333024
    0.251666667    9.177401475
    0.253333333    7.799001838
    0.255000000    6.505256338
    0.256666667    5.312844175
    0.258333333    4.238087420
    0.260000000    3.283556848
    0.261666667    2.450282710
    0.263333333    1.746337762
    0.265000000    1.170685157
    0.266666667    0.718864363
    0.268333333    0.384377017
    0.270000000    0.155731157
    0.271666667    0.027521745
    0.273333333    0.000000000
    0.275000000    0.071203654
    0.276666667    0.234527372
    0.278333333    0.477591310
    0.280000000    0.784988483
    0.281666667    1.143185702
    0.283333333    1.537875093
    0.285000000    1.953409759
    0.286666667    2.374738975
    0.288333333    2.786913947
    0.290000000    3.182416375
    0.291666667    3.562157486
    0.293333333    3.928898298
    0.295000000    4.286145464
    0.296666667    4.636081597
    0.298333333    4.979332664
    0.300000000    5.319323480
    0.301666667    5.659098212
    0.303333333    5.998503722
    0.305000000    6.336581167
    0.306666667    6.671073827
    0.308333333    7.001049358
    0.310000000    7.329259786
    0.311666667    7.657956864
    0.313333333    7.988409624
    0.315000000    8.320238526
    0.316666667    8.650918706
    0.318333333    8.978577301
    0.320000000    9.301409118
    0.321666667    9.616552156
    0.323333333    9.921121637
    0.325000000   10.211642923
    0.326666667   10.486040239
    0.328333333   10.745157717
    0.330000000   10.990470035
    0.331666667   11.223500900
    0.333333333   11.445734760
    0.335000000   11.657560711
    0.336666667   11.859570589
    0.338333333   12.052941470
    0.340000000   12.237698975
    0.341666667   12.413198038
    0.343333333   12.578595022
    0.345000000   12.732966122
    0.346666667   12.876263049
    0.348333333   13.008702706
    0.350000000   13.130332007
    0.351666667   13.240940080
    0.353333333   13.339618557
    0.355000000   13.425856641
    0.356666667   13.499286979
    0.358333333   13.559196555
    0.360000000   13.605003806
    0.361666667   13.636205580
    0.363333333   13.652303041
    0.365000000   13.653573371
    0.366666667   13.641111120
    0.368333333   13.615929654
    0.370000000   13.578961312
    0.371666667   13.531116743
    0.373333333   13.473162488
    0.375000000   13.406015700
    0.376666667   13.330649899
    0.378333333   13.248104116
    0.380000000   13.159222406
    0.381666667   13.064636233
    0.383333333   12.965306929
    0.385000000   12.862174070
    0.386666667   12.756077248
    0.388333333   12.647733510
    0.390000000   12.537243618
    0.391666667   12.424369103
    0.393333333   12.308802793
    0.395000000   12.190238303
    0.396666667   12.068556594
    0.398333333   11.943537700
    0.400000000   11.814889073
    0.401666667   11.682299673
    0.403333333   11.545385546
    0.405000000   11.403952478
    0.406666667   11.257931843
    0.408333333   11.106992441
    0.410000000   10.950749566
    0.411666667   10.789005023
    0.413333333   10.621718668
    0.415000000   10.449385756
    0.416666667   10.272910027
    0.418333333   10.093141898
    0.420000000    9.910960063
    0.421666667    9.727139499
    0.423333333    9.542515648
    0.425000000    9.358033977
    0.426666667    9.174494830
    0.428333333    8.992548132
    0.430000000    8.812731220
    0.431666667    8.635549556
    0.433333333    8.461684611
    0.435000000    8.291863844
    0.436666667    8.126727600
    0.438333333    7.966735411
    0.440000000    7.811903312
    0.441666667    7.662151761
    0.443333333    7.517488239
    0.445000000    7.377660576
    0.446666667    7.242456038
    0.448333333    7.111646669
    0.450000000    6.984870776
    0.451666667    6.861975686
    0.453333333    6.742997116
    0.455000000    6.627971940
    0.456666667    6.516863851
    0.458333333    6.409547169
    0.460000000    6.305887897
    0.461666667    6.205710387
    0.463333333    6.108864790
    0.465000000    6.015206275
    0.466666667    5.924541499
    0.468333333    5.836631928
    0.470000000    5.751324934
    0.471666667    5.668549767
    0.473333333    5.588164950
    0.475000000    5.510050459
    0.476666667    5.434074814
    0.478333333    5.360017768
    0.480000000    5.287716045
    0.481666667    5.217020257
    0.483333333    5.147720948
    0.485000000    5.079614536
    0.486666667    5.012538660
    0.488333333    4.946397624
    0.490000000    4.881180314
    0.491666667    4.816901878
    0.493333333    4.753576477
    0.495000000    4.691277110
    0.496666667    4.630109701
    0.498333333    4.570204316
    0.500000000    4.511678487
    0.501666667    4.454467197
    0.503333333    4.398450189
    0.505000000    4.343583372
    0.506666667    4.289791551
    0.508333333    4.237066768
    0.510000000    4.185445031
    0.511666667    4.134923805
    0.513333333    4.085649454
    0.515000000    4.037951416
    0.516666667    3.992222562
    0.518333333    3.948845285
    0.520000000    3.908107323
    0.521666667    3.870247661
    0.523333333    3.835504361
    0.525000000    3.804145815
    0.526666667    3.776498250
    0.528333333    3.752866557
    0.530000000    3.733393386
    0.531666667    3.718300244
    0.533333333    3.707962487
    0.535000000    3.702571410
    0.536666667    3.702315476
    0.538333333    3.707197344
    0.540000000    3.716830040
    0.541666667    3.730837640
    0.543333333    3.748859632
    0.545000000    3.770486058
    0.546666667    3.795284944
    0.548333333    3.822769706
    0.550000000    3.852545876
    0.551666667    3.884383163
    0.553333333    3.918157347
    0.555000000    3.953805573
    0.556666667    3.991160604
    0.558333333    4.029884939
    0.560000000    4.069673915
    0.561666667    4.110255849
    0.563333333    4.151412281
    0.565000000    4.193008742
    0.566666667    4.234826024
    0.568333333    4.276621587
    0.570000000    4.318181903
    0.571666667    4.359284153
    0.573333333    4.399838821
    0.575000000    4.439655563
    0.576666667    4.478319043
    0.578333333    4.515362159
    0.580000000    4.550298351
    0.581666667    4.582991795
    0.583333333    4.613724256
    0.585000000    4.642818231
    0.586666667    4.670599156
    0.588333333    4.697071117
    0.590000000    4.722053988
    0.591666667    4.745931062
    0.593333333    4.769188013
    0.595000000    4.792282905
    0.596666667    4.815884522
    0.598333333    4.840397469
    0.600000000    4.867178999
    0.601666667    4.898987067
    0.603333333    4.938782762
    0.605000000    4.989792617
    0.606666667    5.054129729
    0.608333333    5.132367760
    0.610000000    5.225847931
    0.611666667    5.336333765
    0.613333333    5.465401452
    0.615000000    5.615103667
    0.616666667    5.785939060
    0.618333333    5.978600887
    0.620000000    6.195662326
    0.621666667    6.439568123
    0.623333333    6.712878661
    0.625000000    7.014152710
    0.626666667    7.337579730
    0.628333333    7.677594597
    0.630000000    8.028777224
    0.631666667    8.387293955
    0.633333333    8.751558543
    0.635000000    9.118292416
    0.636666667    9.485295236
    0.638333333    9.854703999
    0.640000000   10.230446862
    0.641666667   10.619271124
    0.643333333   11.026120661
    0.645000000   11.450082259
    0.646666667   11.890575231
    0.648333333   12.348641222
    0.650000000   12.829966763
    0.651666667   13.346596999
    0.653333333   13.907273912
    0.655000000   14.518861394
    0.656666667   15.190293410
    0.658333333   15.926341065
    0.660000000   16.733116519
    0.661666667   17.612201036
    0.663333333   18.550238509
    0.665000000   19.528604765
    0.666666667   20.526463166
    0.668333333   21.524129269
    0.670000000   22.509197029
    0.671666667   23.467268796
    0.673333333   24.379956671
    0.675000000   25.229472411
    0.676666667   25.996006852
    0.678333333   26.663419390
    0.680000000   27.218161275
    0.681666667   27.642190880
    0.683333333   27.917413993
    0.685000000   28.026124531
    0.686666667   27.962955625
    0.688333333   27.737018185
    0.690000000   27.361274493
    0.691666667   26.852435995
    0.693333333   26.227988039
    0.695000000   25.501716961
    0.696666667   24.691105941
    0.698333333   23.817087754
    0.700000000   22.893322738
