#! FIELDS dist ves.fes
#! SET min_dist 0.2
#! SET max_dist 0.7
#! SET nbins_dist  301
#! SET periodic_dist false
    0.200000000   38.163318432
    0.201666667   43.648126498
    0.203333333   48.962382931
    0.205000000   53.955735227
    0.206666667   58.506358716
    0.208333333   62.511557605
    0.210000000   65.829572213
    0.211666667   68.319377615
    0.213333333   69.849762338
    0.215000000   70.368111564
    0.216666667   69.933243066
    0.218333333   68.633338633
    0.220000000   66.588939292
    0.221666667   63.914814110
    0.223333333   60.695712182
    0.225000000   57.047305902
    0.226666667   53.105315820
    0.228333333   48.969449763
    0.230000000   44.725290508
    0.231666667   40.437479178
    0.233333333   36.166273079
    0.235000000   32.023728513
    0.236666667   28.120903420
    0.238333333   24.547112443
    0.240000000   21.360059277
    0.241666667   18.548364369
    0.243333333   16.080598397
    0.245000000   13.931676610
    0.246666667   12.065784281
    0.248333333   10.439348844
    0.250000000    8.999877766
    0.251666667    7.692820015
    0.253333333    6.501447788
    0.255000000    5.428926952
    0.256666667    4.484573381
    0.258333333    3.675896024
    0.260000000    2.978884882
    0.261666667    2.368628830
    0.263333333    1.833691651
    0.265000000    1.364027191
    0.266666667    0.961167436
    0.268333333    0.625621191
    0.270000000    0.352370356
    0.271666667    0.148113415
    0.273333333    0.025857030
    0.275000000    0.000000000
    0.276666667    0.078943128
    0.278333333    0.252107868
    0.280000000    0.500606218
    0.281666667    0.806378185
    0.283333333    1.151507190
    0.285000000    1.523711966
    0.286666667    1.911093435
    0.288333333    2.298355506
    0.290000000    2.677859900
    0.291666667    3.049279189
    0.293333333    3.414846778
    0.295000000    3.778451960
    0.296666667    4.139205163
    0.298333333    4.493074643
    0.300000000    4.839066209
    0.301666667    5.176838918
    0.303333333    5.507258418
    0.305000000    5.832029039
    0.306666667    6.150823150
    0.308333333    6.464872725
    0.310000000    6.778203614
    0.311666667    7.094481425
    0.313333333    7.417063275
    0.315000000    7.746045671
    0.316666667    8.078085947
    0.318333333    8.410222583
    0.320000000    8.739359830
    0.321666667    9.062392467
    0.323333333    9.376738331
    0.325000000    9.678735968
    0.326666667    9.966068161
    0.328333333   10.239216711
    0.330000000   10.499283459
    0.331666667   10.747737427
    0.333333333   10.985716124
    0.335000000   11.212913892
    0.336666667   11.429257289
    0.338333333   11.635365692
    0.340000000   11.831148390
    0.341666667   12.016223878
    0.343333333   12.189962758
    0.345000000   12.351680014
    0.346666667   12.501586182
    0.348333333   12.640120670
    0.350000000   12.767673608
    0.351666667   12.884205551
    0.353333333   12.988627587
    0.355000000   13.080193494
    0.356666667   13.158294325
    0.358333333   13.222037723
    0.360000000   13.270830095
    0.361666667   13.304110961
    0.363333333   13.321304420
    0.365000000   13.322741331
    0.366666667   13.309648064
    0.368333333   13.283226183
    0.370000000   13.244592307
    0.371666667   13.194710418
    0.373333333   13.134385296
    0.375000000   13.064615389
    0.376666667   12.986497343
    0.378333333   12.901282021
    0.380000000   12.810006327
    0.381666667   12.713456915
    0.383333333   12.612776891
    0.385000000   12.509087508
    0.386666667   12.403416141
    0.388333333   12.296603263
    0.390000000   12.188708119
    0.391666667   12.079372840
    0.393333333   11.968148194
    0.395000000   11.854561363
    0.396666667   11.738384619
    0.398333333   11.619284026
    0.400000000   11.496796510
    0.401666667   11.370470464
    0.403333333   11.239794817
    0.405000000   11.104468304
    0.406666667   10.964337126
    0.408333333   10.818939180
    0.410000000   10.667738701
    0.411666667   10.510415901
    0.413333333   10.346835792
    0.415000000   10.177468027
    0.416666667   10.003251300
    0.418333333    9.825067100
    0.420000000    9.643830950
    0.421666667    9.460353875
    0.423333333    9.275521645
    0.425000000    9.090341625
    0.426666667    8.905665788
    0.428333333    8.722199206
    0.430000000    8.540519722
    0.431666667    8.361164803
    0.433333333    8.184865252
    0.435000000    8.012395832
    0.436666667    7.844441664
    0.438333333    7.681492349
    0.440000000    7.523564302
    0.441666667    7.370562018
    0.443333333    7.222457139
    0.445000000    7.078981924
    0.446666667    6.939930971
    0.448333333    6.805073263
    0.450000000    6.674037583
    0.451666667    6.546621559
    0.453333333    6.422775644
    0.455000000    6.302472498
    0.456666667    6.185628436
    0.458333333    6.072078532
    0.460000000    5.961661912
    0.461666667    5.854180228
    0.463333333    5.749504095
    0.465000000    5.647585380
    0.466666667    5.548368046
    0.468333333    5.451784205
    0.470000000    5.357808736
    0.471666667    5.266445905
    0.473333333    5.177652142
    0.475000000    5.091427427
    0.476666667    5.007832122
    0.478333333    4.926871533
    0.480000000    4.848555449
    0.481666667    4.772910991
    0.483333333    4.699910588
    0.485000000    4.629488908
    0.486666667    4.561634579
    0.488333333    4.496313626
    0.490000000    4.433372468
    0.491666667    4.372656415
    0.493333333    4.313983225
    0.495000000    4.257255209
    0.496666667    4.202470616
    0.498333333    4.149608638
    0.500000000    4.098605661
    0.501666667    4.049177260
    0.503333333    4.000970069
    0.505000000    3.953768436
    0.506666667    3.907321295
    0.508333333    3.861399572
    0.510000000    3.815833967
    0.511666667    3.770443070
    0.513333333    3.725336395
    0.515000000    3.680970648
    0.516666667    3.637908394
    0.518333333    3.596740534
    0.520000000    3.557915244
    0.521666667    3.521790861
    0.523333333    3.488790814
    0.525000000    3.459374210
    0.526666667    3.434046745
    0.528333333    3.413287040
    0.530000000    3.397342763
    0.531666667    3.386570810
    0.533333333    3.381561221
    0.535000000    3.382669938
    0.536666667    3.390231086
    0.538333333    3.404281161
    0.540000000    3.424294851
    0.541666667    3.449750894
    0.543333333    3.480139059
    0.545000000    3.514911650
    0.546666667    3.553511339
    0.548333333    3.595276411
    0.550000000    3.639655950
    0.551666667    3.686324389
    0.553333333    3.735087223
    0.555000000    3.785852332
    0.556666667    3.838372634
    0.558333333    3.892139408
    0.560000000    3.946708518
    0.561666667    4.001709337
    0.563333333    4.056912132
    0.565000000    4.112260705
    0.566666667    4.167575078
    0.568333333    4.222667589
    0.570000000    4.277464927
    0.571666667    4.331888102
    0.573333333    4.386005832
    0.575000000    4.439705583
    0.576666667    4.492445482
    0.578333333    4.543608238
    0.580000000    4.592601590
    0.581666667    4.639177512
    0.583333333    4.683563794
    0.585000000    4.725977454
    0.586666667    4.766612779
    0.588333333    4.805570483
    0.590000000    4.842873012
    0.591666667    4.879130954
    0.593333333    4.915012922
    0.595000000    4.950812803
    0.596666667    4.986976205
    0.598333333    5.023863683
    0.600000000    5.062759460
    0.601666667    5.106463127
    0.603333333    5.157874109
    0.605000000    5.219922287
    0.606666667    5.294887883
    0.608333333    5.383810709
    0.610000000    5.488402166
    0.611666667    5.610653506
    0.613333333    5.751352726
    0.615000000    5.911298309
    0.616666667    6.090149233
    0.618333333    6.287741820
    0.620000000    6.506020585
    0.621666667    6.746890994
    0.623333333    7.011943405
    0.625000000    7.300004604
    0.626666667    7.606742200
    0.628333333    7.928388062
    0.630000000    8.261604646
    0.631666667    8.603123115
    0.633333333    8.950823915
    0.635000000    9.301671728
    0.636666667    9.653896605
    0.638333333   10.010883276
    0.640000000   10.378217685
    0.641666667   10.762474751
    0.643333333   11.169295386
    0.645000000   11.600179116
    0.646666667   12.056591949
    0.648333333   12.541592050
    0.650000000   13.059278001
    0.651666667   13.615857879
    0.653333333   14.214554115
    0.655000000   14.857204224
    0.656666667   15.549638983
    0.658333333   16.295929443
    0.660000000   17.099671232
    0.661666667   17.961267369
    0.663333333   18.869827942
    0.665000000   19.810714064
    0.666666667   20.770159653
    0.668333333   21.733197907
    0.670000000   22.687005630
    0.671666667   23.617841396
    0.673333333   24.509458193
    0.675000000   25.352109513
    0.676666667   26.139870121
    0.678333333   26.868057802
    0.680000000   27.533134614
    0.681666667   28.125832129
    0.683333333   28.634578190
    0.685000000   29.050485214
    0.686666667   29.368931871
    0.688333333   29.589038296
    0.690000000   29.709835395
    0.691666667   29.729201128
    0.693333333   29.649876401
    0.695000000   29.478080367
    0.696666667   29.220591252
    0.698333333   28.884920226
    0.700000000   28.466874963
