#! FIELDS dist ves.fes
#! SET min_dist 0.2
#! SET max_dist 0.7
#! SET nbins_dist  301
#! SET periodic_dist false
    0.200000000   34.220538137
    0.201666667   38.944766991
    0.203333333   43.524623802
    0.205000000   47.833757585
    0.206666667   51.769795895
    0.208333333   55.246452228
    0.210000000   58.143685336
    0.211666667   60.341602274
    0.213333333   61.729141049
    0.215000000   62.261136733
    0.216666667   61.985758832
    0.218333333   60.975551880
    0.220000000   59.329845435
    0.221666667   57.143981189
    0.223333333   54.489032595
    0.225000000   51.461973049
    0.226666667   48.176467342
    0.228333333   44.714311969
    0.230000000   41.144102308
    0.231666667   37.518100869
    0.233333333   33.884872310
    0.235000000   30.336317042
    0.236666667   26.964578929
    0.238333333   23.843266404
    0.240000000   21.020846748
    0.241666667   18.490546849
    0.243333333   16.229879714
    0.245000000   14.222042170
    0.246666667   12.440394306
    0.248333333   10.851029359
    0.250000000    9.413110189
    0.251666667    8.084521526
    0.253333333    6.855302425
    0.255000000    5.732443271
    0.256666667    4.727107401
    0.258333333    3.849106824
    0.260000000    3.082511267
    0.261666667    2.410344188
    0.263333333    1.826957434
    0.265000000    1.325167654
    0.266666667    0.904942956
    0.268333333    0.565006166
    0.270000000    0.298860506
    0.271666667    0.109779371
    0.273333333    0.006963882
    0.275000000    0.000000000
    0.276666667    0.092994857
    0.278333333    0.275340617
    0.280000000    0.529860216
    0.281666667    0.840364661
    0.283333333    1.190558234
    0.285000000    1.567709233
    0.286666667    1.959475337
    0.288333333    2.351137739
    0.290000000    2.735246327
    0.291666667    3.111646235
    0.293333333    3.482360657
    0.295000000    3.850772985
    0.296666667    4.216649890
    0.298333333    4.577150799
    0.300000000    4.932265892
    0.301666667    5.282327436
    0.303333333    5.627589003
    0.305000000    5.968655545
    0.306666667    6.304433247
    0.308333333    6.635239358
    0.310000000    6.964318691
    0.311666667    7.294554614
    0.313333333    7.628363408
    0.315000000    7.965610721
    0.316666667    8.303339883
    0.318333333    8.639051231
    0.320000000    8.970192916
    0.321666667    9.293915566
    0.323333333    9.607697743
    0.325000000    9.908157028
    0.326666667   10.193242838
    0.328333333   10.463604153
    0.330000000   10.720475526
    0.331666667   10.965331091
    0.333333333   11.199448387
    0.335000000   11.422851906
    0.336666667   11.635765141
    0.338333333   11.839033095
    0.340000000   12.032604586
    0.341666667   12.215967211
    0.343333333   12.388389481
    0.345000000   12.549070048
    0.346666667   12.698067223
    0.348333333   12.835674768
    0.350000000   12.962087969
    0.351666667   13.077152395
    0.353333333   13.179829191
    0.355000000   13.269464468
    0.356666667   13.345544116
    0.358333333   13.407235798
    0.360000000   13.453934836
    0.361666667   13.485098511
    0.363333333   13.500183805
    0.365000000   13.499520463
    0.366666667   13.484324647
    0.368333333   13.455761246
    0.370000000   13.414913519
    0.371666667   13.362772167
    0.373333333   13.300173456
    0.375000000   13.228135945
    0.376666667   13.147755522
    0.378333333   13.060238128
    0.380000000   12.966578404
    0.381666667   12.867531874
    0.383333333   12.764206026
    0.385000000   12.657691410
    0.386666667   12.548978609
    0.388333333   12.438885765
    0.390000000   12.327497408
    0.391666667   12.214502663
    0.393333333   12.099507668
    0.395000000   11.982097091
    0.396666667   11.862077896
    0.398333333   11.739153238
    0.400000000   11.612908818
    0.401666667   11.482938936
    0.403333333   11.348782144
    0.405000000   11.210177236
    0.406666667   11.067002019
    0.408333333   10.918839896
    0.410000000   10.765204409
    0.411666667   10.605813824
    0.413333333   10.440563201
    0.415000000   10.269927785
    0.416666667   10.094826294
    0.418333333    9.916121959
    0.420000000    9.734712374
    0.421666667    9.551393044
    0.423333333    9.367027709
    0.425000000    9.182597350
    0.426666667    8.998931362
    0.428333333    8.816706655
    0.430000000    8.636480700
    0.431666667    8.458774680
    0.433333333    8.284289416
    0.435000000    8.113769679
    0.436666667    7.947873223
    0.438333333    7.787068810
    0.440000000    7.631369460
    0.441666667    7.480683244
    0.443333333    7.334988021
    0.445000000    7.194017500
    0.446666667    7.057561517
    0.448333333    6.925388152
    0.450000000    6.797126934
    0.451666667    6.672575492
    0.453333333    6.551685927
    0.455000000    6.434425547
    0.456666667    6.320701487
    0.458333333    6.210347263
    0.460000000    6.103199312
    0.461666667    5.999051484
    0.463333333    5.897756172
    0.465000000    5.799225322
    0.466666667    5.703355657
    0.468333333    5.610031152
    0.470000000    5.519178693
    0.471666667    5.430758199
    0.473333333    5.344681892
    0.475000000    5.260901716
    0.476666667    5.179430609
    0.478333333    5.100236671
    0.480000000    5.023296817
    0.481666667    4.948602712
    0.483333333    4.876086788
    0.485000000    4.805651644
    0.486666667    4.737255265
    0.488333333    4.670836181
    0.490000000    4.606244305
    0.491666667    4.543326309
    0.493333333    4.481898122
    0.495000000    4.421876016
    0.496666667    4.363273522
    0.498333333    4.306083809
    0.500000000    4.250260673
    0.501666667    4.195541905
    0.503333333    4.141590263
    0.505000000    4.088202475
    0.506666667    4.035153643
    0.508333333    3.982233176
    0.510000000    3.929288679
    0.511666667    3.876162394
    0.513333333    3.822991777
    0.515000000    3.770264147
    0.516666667    3.718569164
    0.518333333    3.668527772
    0.520000000    3.620620727
    0.521666667    3.575237251
    0.523333333    3.532838010
    0.525000000    3.493911905
    0.526666667    3.458970716
    0.528333333    3.428493202
    0.530000000    3.402730851
    0.531666667    3.382047004
    0.533333333    3.367053431
    0.535000000    3.358128883
    0.536666667    3.355622790
    0.538333333    3.359600244
    0.540000000    3.369572196
    0.541666667    3.385064768
    0.543333333    3.405621757
    0.545000000    3.430718855
    0.546666667    3.459809896
    0.548333333    3.492254235
    0.550000000    3.527538209
    0.551666667    3.565409064
    0.553333333    3.605755801
    0.555000000    3.648554525
    0.556666667    3.693624974
    0.558333333    3.740517929
    0.560000000    3.788846195
    0.561666667    3.838290600
    0.563333333    3.888600623
    0.565000000    3.939657625
    0.566666667    3.991212506
    0.568333333    4.042983199
    0.570000000    4.094825351
    0.571666667    4.146598632
    0.573333333    4.198289764
    0.575000000    4.249705737
    0.576666667    4.300234319
    0.578333333    4.349188805
    0.580000000    4.395915601
    0.581666667    4.440111116
    0.583333333    4.481945354
    0.585000000    4.521603641
    0.586666667    4.559270810
    0.588333333    4.595031156
    0.590000000    4.628908258
    0.591666667    4.661543516
    0.593333333    4.693660281
    0.595000000    4.725684398
    0.596666667    4.758213750
    0.598333333    4.791717624
    0.600000000    4.827633303
    0.601666667    4.868925599
    0.603333333    4.918688154
    0.605000000    4.980112855
    0.606666667    5.055565835
    0.608333333    5.146015521
    0.610000000    5.253147877
    0.611666667    5.378974969
    0.613333333    5.524553283
    0.615000000    5.691084071
    0.616666667    5.878425096
    0.618333333    6.086599613
    0.620000000    6.317721996
    0.621666667    6.573829590
    0.623333333    6.856780025
    0.625000000    7.165112285
    0.626666667    7.493653281
    0.628333333    7.837683883
    0.630000000    8.192836379
    0.631666667    8.555412127
    0.633333333    8.923322143
    0.635000000    9.293242301
    0.636666667    9.663103796
    0.638333333   10.035824595
    0.640000000   10.416429932
    0.641666667   10.811752232
    0.643333333   11.227309845
    0.645000000   11.663670618
    0.646666667   12.121547217
    0.648333333   12.603305240
    0.650000000   13.113859221
    0.651666667   13.662038619
    0.653333333   14.253499371
    0.655000000   14.892269700
    0.656666667   15.585651809
    0.658333333   16.338165264
    0.660000000   17.154595439
    0.661666667   18.035903008
    0.663333333   18.969996931
    0.665000000   19.940317612
    0.666666667   20.929890062
    0.668333333   21.921505963
    0.670000000   22.902304515
    0.671666667   23.858033203
    0.673333333   24.771258883
    0.675000000   25.628669952
    0.676666667   26.418376517
    0.678333333   27.130780774
    0.680000000   27.758062431
    0.681666667   28.287096838
    0.683333333   28.703369005
    0.685000000   28.994122048
    0.686666667   29.154355242
    0.688333333   29.187419561
    0.690000000   29.098247726
    0.691666667   28.892680174
    0.693333333   28.579760728
    0.695000000   28.169022365
    0.696666667   27.671896599
    0.698333333   27.101710509
    0.700000000   26.461792499
