#! FIELDS dist ves.fes
#! SET min_dist 0.2
#! SET max_dist 0.7
#! SET nbins_dist  301
#! SET periodic_dist false
    0.200000000   19.520680991
    0.201666667   21.394633781
    0.203333333   23.214601328
    0.205000000   24.945490354
    0.206666667   26.558720521
    0.208333333   28.030341659
    0.210000000   29.323702710
    0.211666667   30.400383637
    0.213333333   31.226614018
    0.215000000   31.786399196
    0.216666667   32.088157436
    0.218333333   32.145662993
    0.220000000   31.978662030
    0.221666667   31.609277922
    0.223333333   31.056787430
    0.225000000   30.347351247
    0.226666667   29.511148734
    0.228333333   28.562654255
    0.230000000   27.507044557
    0.231666667   26.350484891
    0.233333333   25.098035193
    0.235000000   23.766088581
    0.236666667   22.375832566
    0.238333333   20.942093243
    0.240000000   19.478853386
    0.241666667   17.996800208
    0.243333333   16.507191022
    0.245000000   15.024521830
    0.246666667   13.556750532
    0.248333333   12.106307808
    0.250000000   10.676204613
    0.251666667    9.271160023
    0.253333333    7.907013052
    0.255000000    6.605619146
    0.256666667    5.385437667
    0.258333333    4.265249693
    0.260000000    3.259571052
    0.261666667    2.381246646
    0.263333333    1.646489186
    0.265000000    1.058426830
    0.266666667    0.610259698
    0.268333333    0.292902083
    0.270000000    0.092987186
    0.271666667    0.000000000
    0.273333333    0.008212574
    0.275000000    0.108250741
    0.276666667    0.287136550
    0.278333333    0.532797673
    0.280000000    0.832883369
    0.281666667    1.177175928
    0.283333333    1.554340436
    0.285000000    1.948615342
    0.286666667    2.344876109
    0.288333333    2.729709280
    0.290000000    3.096317919
    0.291666667    3.446054509
    0.293333333    3.781580238
    0.295000000    4.105822010
    0.296666667    4.422172608
    0.298333333    4.733361423
    0.300000000    5.044527069
    0.301666667    5.359979310
    0.303333333    5.679027956
    0.305000000    5.999468063
    0.306666667    6.318319407
    0.308333333    6.633680859
    0.310000000    6.947373640
    0.311666667    7.260725336
    0.313333333    7.573874500
    0.315000000    7.886346523
    0.316666667    8.196443384
    0.318333333    8.503193319
    0.320000000    8.805797855
    0.321666667    9.101932953
    0.323333333    9.388973948
    0.325000000    9.664074481
    0.326666667    9.925605500
    0.328333333   10.174574185
    0.330000000   10.412552683
    0.331666667   10.640928672
    0.333333333   10.861250836
    0.335000000   11.074370293
    0.336666667   11.281278467
    0.338333333   11.483325408
    0.340000000   11.680496778
    0.341666667   11.871870244
    0.343333333   12.056402237
    0.345000000   12.232949937
    0.346666667   12.401048234
    0.348333333   12.560485496
    0.350000000   12.710777730
    0.351666667   12.851457692
    0.353333333   12.981938683
    0.355000000   13.102037094
    0.356666667   13.211673410
    0.358333333   13.310336437
    0.360000000   13.397352219
    0.361666667   13.472207255
    0.363333333   13.534404920
    0.365000000   13.583881645
    0.366666667   13.621187065
    0.368333333   13.646597535
    0.370000000   13.660323785
    0.371666667   13.663005676
    0.373333333   13.655153371
    0.375000000   13.637296711
    0.376666667   13.609780136
    0.378333333   13.572564716
    0.380000000   13.525487246
    0.381666667   13.468312141
    0.383333333   13.401204025
    0.385000000   13.324403317
    0.386666667   13.237949776
    0.388333333   13.142128617
    0.390000000   13.037425631
    0.391666667   12.924347214
    0.393333333   12.803593062
    0.395000000   12.675919925
    0.396666667   12.541743212
    0.398333333   12.401416030
    0.400000000   12.255562149
    0.401666667   12.104854990
    0.403333333   11.950171067
    0.405000000   11.792388452
    0.406666667   11.632290936
    0.408333333   11.470665232
    0.410000000   11.308233370
    0.411666667   11.145748706
    0.413333333   10.983797883
    0.415000000   10.822551422
    0.416666667   10.661970318
    0.418333333   10.501900597
    0.420000000   10.342223131
    0.421666667   10.183045668
    0.423333333   10.024395481
    0.425000000    9.866178919
    0.426666667    9.708194897
    0.428333333    9.550083527
    0.430000000    9.391607311
    0.431666667    9.232575623
    0.433333333    9.072664930
    0.435000000    8.911581994
    0.436666667    8.749008620
    0.438333333    8.584850142
    0.440000000    8.419572011
    0.441666667    8.253791443
    0.443333333    8.088192033
    0.445000000    7.923374752
    0.446666667    7.759676522
    0.448333333    7.597552800
    0.450000000    7.437540756
    0.451666667    7.280111478
    0.453333333    7.125778795
    0.455000000    6.974855354
    0.456666667    6.827541248
    0.458333333    6.684376778
    0.460000000    6.545952830
    0.461666667    6.412607457
    0.463333333    6.284409456
    0.465000000    6.160793237
    0.466666667    6.040979024
    0.468333333    5.924232477
    0.470000000    5.809775960
    0.471666667    5.696928443
    0.473333333    5.584848939
    0.475000000    5.472694303
    0.476666667    5.360112178
    0.478333333    5.247025075
    0.480000000    5.133467875
    0.481666667    5.019454433
    0.483333333    4.904505327
    0.485000000    4.788120813
    0.486666667    4.670053670
    0.488333333    4.550110866
    0.490000000    4.428421740
    0.491666667    4.305028585
    0.493333333    4.179769887
    0.495000000    4.052977781
    0.496666667    3.925226156
    0.498333333    3.797077564
    0.500000000    3.668971548
    0.501666667    3.540426400
    0.503333333    3.410551435
    0.505000000    3.278698480
    0.506666667    3.144320888
    0.508333333    3.007195183
    0.510000000    2.867223023
    0.511666667    2.724185706
    0.513333333    2.578603676
    0.515000000    2.431739519
    0.516666667    2.285231180
    0.518333333    2.140960406
    0.520000000    2.000135834
    0.521666667    1.863615111
    0.523333333    1.732480129
    0.525000000    1.608024277
    0.526666667    1.492267981
    0.528333333    1.387392996
    0.530000000    1.294869559
    0.531666667    1.216362770
    0.533333333    1.153809195
    0.535000000    1.108483299
    0.536666667    1.081705264
    0.538333333    1.073684442
    0.540000000    1.082867192
    0.541666667    1.107411627
    0.543333333    1.145338037
    0.545000000    1.195090391
    0.546666667    1.255221471
    0.548333333    1.323864850
    0.550000000    1.399139578
    0.551666667    1.478848866
    0.553333333    1.560971418
    0.555000000    1.643991879
    0.556666667    1.726084382
    0.558333333    1.805104867
    0.560000000    1.879040855
    0.561666667    1.946062466
    0.563333333    2.005796898
    0.565000000    2.058908046
    0.566666667    2.106181428
    0.568333333    2.148730100
    0.570000000    2.187015259
    0.571666667    2.221304722
    0.573333333    2.252570608
    0.575000000    2.281742961
    0.576666667    2.309725696
    0.578333333    2.337290975
    0.580000000    2.364634687
    0.581666667    2.392742315
    0.583333333    2.423405266
    0.585000000    2.458230020
    0.586666667    2.498528664
    0.588333333    2.543743752
    0.590000000    2.591980448
    0.591666667    2.641841340
    0.593333333    2.692003615
    0.595000000    2.741830607
    0.596666667    2.791059464
    0.598333333    2.838497653
    0.600000000    2.884259242
    0.601666667    2.930332197
    0.603333333    2.979302566
    0.605000000    3.034611366
    0.606666667    3.097405670
    0.608333333    3.166528907
    0.610000000    3.242029042
    0.611666667    3.324783203
    0.613333333    3.417983405
    0.615000000    3.526421154
    0.616666667    3.652439151
    0.618333333    3.798956775
    0.620000000    3.970901275
    0.621666667    4.172915814
    0.623333333    4.410558134
    0.625000000    4.682978150
    0.626666667    4.982200307
    0.628333333    5.300038568
    0.630000000    5.628139956
    0.631666667    5.962108350
    0.633333333    6.301751426
    0.635000000    6.643791856
    0.636666667    6.985879738
    0.638333333    7.329618603
    0.640000000    7.678128959
    0.641666667    8.040074995
    0.643333333    8.420853105
    0.645000000    8.816739441
    0.646666667    9.224753884
    0.648333333    9.643837716
    0.650000000   10.082919123
    0.651666667   10.563737993
    0.653333333   11.103637039
    0.655000000   11.717149792
    0.656666667   12.419043116
    0.658333333   13.216050357
    0.660000000   14.118727793
    0.661666667   15.130660494
    0.663333333   16.233104535
    0.665000000   17.399160958
    0.666666667   18.595704175
    0.668333333   19.793740696
    0.670000000   20.978865857
    0.671666667   22.133083472
    0.673333333   23.231929913
    0.675000000   24.244645798
    0.676666667   25.131300086
    0.678333333   25.859209548
    0.680000000   26.400406130
    0.681666667   26.722865451
    0.683333333   26.797130943
    0.685000000   26.591586171
    0.686666667   26.098597768
    0.688333333   25.340386939
    0.690000000   24.348384440
    0.691666667   23.164075463
    0.693333333   21.825165628
    0.695000000   20.356659924
    0.696666667   18.791600850
    0.698333333   17.170259116
    0.700000000   15.529309952
