#! FIELDS dist fes_dist dfes_dist_dist
#! SET normalisation    1.0000000000000000e+00
#! SET min_dist 0.2
#! SET max_dist 0.9
#! SET nbins_dist  200
#! SET periodic_dist false
   2.0000000000000001e-01                      inf   0.0000000000000000e+00
   2.0350000000000001e-01                      inf   0.0000000000000000e+00
   2.0700000000000002e-01                      inf   0.0000000000000000e+00
   2.1050000000000002e-01                      inf   0.0000000000000000e+00
   2.1400000000000002e-01                      inf   0.0000000000000000e+00
   2.1750000000000000e-01   7.4530220976945401e+01  -2.9580897387210784e+03
   2.2100000000000000e-01   6.1598556778003605e+01  -2.8464675091863642e+03
   2.2450000000000001e-01   5.1223317310067657e+01  -2.6131169744513440e+03
   2.2800000000000001e-01   4.2313429084861212e+01  -2.3395080415142156e+03
   2.3150000000000001e-01   3.4533318317466041e+01  -2.0635379980047078e+03
   2.3500000000000001e-01   2.7775939322517399e+01  -1.7903723282438750e+03
   2.3849999999999999e-01   2.1965231082153796e+01  -1.5304309830946142e+03
   2.4199999999999999e-01   1.7032709265348956e+01  -1.2923939842557866e+03
   2.4550000000000000e-01   1.2878233272425925e+01  -1.0868929938472677e+03
   2.4900000000000000e-01   9.3938363192103047e+00  -9.0719943417867069e+02
   2.5250000000000000e-01   6.5085469791452031e+00  -7.4460518708885877e+02
   2.5600000000000001e-01   4.1627872609495267e+00  -5.9652360772002828e+02
   2.5950000000000001e-01   2.3532156145129708e+00  -4.3180710900001202e+02
   2.6300000000000001e-01   1.1709433393065822e+00  -2.4411650908557343e+02
   2.6650000000000001e-01   5.8504270842959905e-01  -1.0708153980210759e+02
   2.7000000000000002e-01   2.9412844929340309e-01  -7.2130599491338202e+01
   2.7350000000000002e-01   6.8020029408730309e-02  -4.9989269475821686e+01
   2.7700000000000002e-01   0.0000000000000000e+00   1.6562049762120193e+01
   2.8049999999999997e-01   1.9783951414619239e-01   9.5210211712150667e+01
   2.8400000000000003e-01   6.3853170538345516e-01   1.5116356093756343e+02
   2.8749999999999998e-01   1.2304804959573410e+00   1.8598902654166491e+02
   2.9100000000000004e-01   1.9322292433155628e+00   2.1123423724694402e+02
   2.9449999999999998e-01   2.6728519846199053e+00   2.0848596320677601e+02
   2.9799999999999999e-01   3.3932915131031081e+00   2.0422023891813038e+02
   3.0149999999999999e-01   4.0979290656457668e+00   1.9793896214836295e+02
   3.0499999999999999e-01   4.8149162766982556e+00   2.2181885434103674e+02
   3.0850000000000000e-01   5.7063987383778354e+00   2.8728736018519493e+02
   3.1200000000000000e-01   6.7439646572961847e+00   2.8483919286848266e+02
   3.1550000000000000e-01   7.5852581241981802e+00   1.9322778470810229e+02
   3.1900000000000001e-01   8.1831825519139549e+00   1.6601124429055196e+02
   3.2250000000000001e-01   8.8217516667532880e+00   1.9974185963220523e+02
   3.2600000000000001e-01   9.5467701770029425e+00   2.0745574293815733e+02
   3.2950000000000002e-01   1.0242295280578480e+01   1.8791091573633366e+02
   3.3299999999999996e-01   1.0853806981164452e+01   1.5998957638547952e+02
   3.3650000000000002e-01   1.1359164874464888e+01   1.3021977057444198e+02
   3.3999999999999997e-01   1.1787974696681806e+01   1.1793946077027559e+02
   3.4350000000000003e-01   1.2197075848653141e+01   1.1573002524719915e+02
   3.4699999999999998e-01   1.2590475089291530e+01   1.0739100380375432e+02
   3.5050000000000003e-01   1.2937484953253316e+01   8.8455132030753049e+01
   3.5399999999999998e-01   1.3180969018758837e+01   4.5718002455555471e+01
   3.5749999999999998e-01   1.3246473560469020e+01  -4.8471390704859152e+00
   3.6099999999999999e-01   1.3193966375688541e+01  -1.8198202681868572e+01
   3.6449999999999999e-01   1.3154117404794977e+01  -2.0990237813810353e+00
   3.6799999999999999e-01   1.3172262509003049e+01   6.9393687349921800e+00
   3.7150000000000000e-01   1.3141628211328964e+01  -3.2792362119610473e+01
   3.7500000000000000e-01   1.2931531182602081e+01  -8.1244063072994464e+01
   3.7850000000000000e-01   1.2638044652376397e+01  -7.7831114319136773e+01
   3.8200000000000001e-01   1.2418760122843068e+01  -4.8086449287975888e+01
   3.8549999999999995e-01   1.2263387893267046e+01  -4.8990685540680168e+01
   3.8900000000000001e-01   1.2031552728207945e+01  -8.5387529711080361e+01
   3.9249999999999996e-01   1.1686312121991399e+01  -1.0599655970491206e+02
   3.9600000000000002e-01   1.1325935255868631e+01  -9.7230740545667871e+01
   3.9949999999999997e-01   1.1002525431074913e+01  -9.1276489875755345e+01
   4.0300000000000002e-01   1.0643534123358428e+01  -1.2003350634581564e+02
   4.0649999999999997e-01   1.0167720038981628e+01  -1.4190366167812036e+02
   4.0999999999999998e-01   9.7424492944024603e+00  -9.2163319688780874e+01
   4.1349999999999998e-01   9.5059804583258689e+00  -5.6535547680007483e+01
   4.1699999999999998e-01   9.2334866190024094e+00  -1.0885300147559110e+02
   4.2049999999999998e-01   8.7716638908844313e+00  -1.4140908427143631e+02
   4.2399999999999999e-01   8.3255736094586545e+00  -1.0927611176924462e+02
   4.2749999999999999e-01   7.9828560463580827e+00  -9.3233194521979854e+01
   4.3099999999999999e-01   7.6554686888488277e+00  -9.0910852558726219e+01
   4.3450000000000000e-01   7.3687194517903372e+00  -7.4159750800360342e+01
   4.3800000000000000e-01   7.0943694008824414e+00  -8.8833370629783289e+01
   4.4150000000000000e-01   6.7486028057259633e+00  -1.0236922951450366e+02
   4.4499999999999995e-01   6.4214165732293713e+00  -8.2057108493534315e+01
   4.4850000000000001e-01   6.1721235700575896e+00  -6.0710267465885188e+01
   4.5200000000000001e-01   6.0006512162874728e+00  -3.8728365258685940e+01
   4.5549999999999996e-01   5.8508039210496694e+00  -5.7911030418359594e+01
   4.5899999999999996e-01   5.5526925090285619e+00  -1.0933534229219092e+02
   4.6249999999999997e-01   5.1530790669970958e+00  -1.0814424068255015e+02
   4.6599999999999997e-01   4.8412052014018965e+00  -6.9135504482241018e+01
   4.6949999999999997e-01   4.6499194285461627e+00  -4.3931604556717573e+01
   4.7299999999999998e-01   4.5193875075596868e+00  -3.1503237080607622e+01
   4.7649999999999998e-01   4.4193448408395888e+00  -2.7790850892257211e+01
   4.7999999999999998e-01   4.3181433335860895e+00  -2.8909840199050606e+01
   4.8349999999999999e-01   4.2352427511232182e+00  -1.5963367519837805e+01
   4.8699999999999999e-01   4.2065963774342627e+00  -3.8333884372011675e+00
   4.9049999999999999e-01   4.1717717374592631e+00  -2.0073304769792657e+01
   4.9399999999999999e-01   4.0744524604587991e+00  -2.9744895241419435e+01
   4.9750000000000000e-01   4.0018345979369787e+00  -1.0169650584364081e+01
   5.0100000000000000e-01   3.9800684434772737e+00  -8.1410362147693256e+00
   5.0449999999999995e-01   3.9251514436360377e+00  -2.1076221562513272e+01
   5.0800000000000001e-01   3.8620293640131109e+00  -1.3137096539554042e+01
   5.1149999999999995e-01   3.8106868509160048e+00  -2.2063103170157945e+01
   5.1499999999999990e-01   3.6944376980864284e+00  -4.0309382688535777e+01
   5.1849999999999996e-01   3.5767370603530093e+00  -2.0747864180830305e+01
   5.2200000000000002e-01   3.5730720584904496e+00   1.9287235778691642e+01
   5.2549999999999997e-01   3.6956984584264312e+00   4.5070544786954372e+01
   5.2899999999999991e-01   3.8334681662621009e+00   2.5801093785986790e+01
   5.3249999999999997e-01   3.8455171045571532e+00  -1.8765286350935661e+01
   5.3600000000000003e-01   3.7368950799720668e+00  -3.4818286066896526e+01
   5.3949999999999998e-01   3.6568260149351595e+00  -6.8469468998592520e+00
   5.4299999999999993e-01   3.6851049708685402e+00   1.9603863707662988e+01
   5.4649999999999999e-01   3.7728523583900593e+00   2.8276725456545726e+01
   5.5000000000000004e-01   3.8652103100225776e+00   2.1277566045197201e+01
   5.5349999999999999e-01   3.9063453952160536e+00   2.2365276375859260e+00
   5.5699999999999994e-01   3.8972751244112906e+00  -3.8273988071899239e+00
   5.6050000000000000e-01   3.9065483522917344e+00   1.2760718942035531e+01
   5.6400000000000006e-01   4.0042921851086763e+00   4.3250985613832022e+01
   5.6749999999999989e-01   4.1872158615382187e+00   5.5241899933334494e+01
   5.7099999999999995e-01   4.3501306526194252e+00   3.4788522027674695e+01
   5.7450000000000001e-01   4.4444701313575816e+00   2.4789903789646381e+01
   5.7799999999999996e-01   4.5566021539260433e+00   3.9946436930954363e+01
   5.8149999999999991e-01   4.7017600188089492e+00   3.9092315770186786e+01
   5.8499999999999996e-01   4.8348251300299108e+00   4.2029271673402476e+01
   5.8850000000000002e-01   5.0213978058801860e+00   6.2199419061298123e+01
   5.9199999999999997e-01   5.2098078377278245e+00   3.5184420538849196e+01
   5.9549999999999992e-01   5.2475490254528960e+00  -7.1114635183154533e+00
   5.9899999999999998e-01   5.2295902398625422e+00   3.6264750099916627e+00
   6.0250000000000004e-01   5.2726144125185019e+00   1.6693818990024869e+01
   6.0599999999999998e-01   5.3351812788982844e+00   2.2140956833189488e+01
   6.0949999999999993e-01   5.4685879981270880e+00   6.0080701602548508e+01
   6.1299999999999999e-01   5.7821102755984519e+00   1.1918419348374188e+02
   6.1650000000000005e-01   6.2660272856554649e+00   1.4665565819808668e+02
   6.1999999999999988e-01   6.7309454698234852e+00   1.1321354549163998e+02
   6.2349999999999994e-01   7.0962102637722300e+00   1.0981486695463569e+02
   6.2700000000000000e-01   7.5952335488613532e+00   1.8183048976106670e+02
   6.3049999999999995e-01   8.3448233106752259e+00   2.3561979570682553e+02
   6.3399999999999990e-01   9.1783203376484099e+00   2.3753163249501063e+02
   6.3749999999999996e-01   1.0038213584828318e+01   2.6188871010568607e+02
   6.4100000000000001e-01   1.1052723526222165e+01   3.1817975250605974e+02
   6.4449999999999996e-01   1.2223681198994690e+01   3.4044111521581874e+02
   6.4799999999999991e-01   1.3388766721493347e+01   3.2583919803197426e+02
   6.5149999999999997e-01   1.4551248713200282e+01   3.4566729596244619e+02
   6.5500000000000003e-01   1.5833944871302586e+01   3.8629163790553145e+02
   6.5849999999999997e-01   1.7237273787730771e+01   4.1200659657772513e+02
   6.6199999999999992e-01   1.8709500040649132e+01   4.3006172199869741e+02
   6.6549999999999998e-01   2.0272923570100581e+01   4.6743145510812667e+02
   6.6900000000000004e-01   2.2011188157173894e+01   5.2788660751944803e+02
   6.7249999999999999e-01   2.3968173990232394e+01   5.8563096181037588e+02
   6.7599999999999993e-01   2.6051790837562244e+01   5.9242976881305367e+02
   6.7949999999999999e-01   2.8056010071590659e+01   5.4991801611285427e+02
   6.8299999999999994e-01   2.9952815167799024e+01   5.4496472436944634e+02
   6.8649999999999989e-01   3.1968249870933555e+01   6.1721358464036496e+02
   6.8999999999999995e-01   3.4319256606454786e+01   7.2118185019798182e+02
   6.9350000000000001e-01   3.6904831523612160e+01   7.2991935978783556e+02
   6.9699999999999995e-01   3.9326277654640606e+01   6.5638984817890400e+02
   7.0049999999999990e-01   4.1644099125785182e+01   6.8616595632242638e+02
   7.0399999999999996e-01   4.4220126172629584e+01   7.8418721995015494e+02
   7.0750000000000002e-01   4.7132282570514981e+01   8.7836979449520652e+02
   7.1099999999999985e-01   5.0452951302719093e+01   1.0380594699797985e+03
   7.1449999999999991e-01   5.4586141578365186e+01   1.3410672305427595e+03
   7.1799999999999997e-01   6.0009297693057725e+01   1.7498768282168069e+03
   7.2150000000000003e-01   6.7031136910711950e+01   2.2126726740373242e+03
   7.2499999999999987e-01   7.6124851537695307e+01   2.6698777110862279e+03
   7.2849999999999993e-01                      inf   0.0000000000000000e+00
   7.3199999999999998e-01                      inf   0.0000000000000000e+00
   7.3550000000000004e-01                      inf   0.0000000000000000e+00
   7.3899999999999988e-01                      inf   0.0000000000000000e+00
   7.4249999999999994e-01                      inf   0.0000000000000000e+00
   7.4600000000000000e-01                      inf   0.0000000000000000e+00
   7.4950000000000006e-01                      inf   0.0000000000000000e+00
   7.5299999999999989e-01                      inf   0.0000000000000000e+00
   7.5649999999999995e-01                      inf   0.0000000000000000e+00
   7.6000000000000001e-01                      inf   0.0000000000000000e+00
   7.6349999999999985e-01                      inf   0.0000000000000000e+00
   7.6699999999999990e-01                      inf   0.0000000000000000e+00
   7.7049999999999996e-01                      inf   0.0000000000000000e+00
   7.7400000000000002e-01                      inf   0.0000000000000000e+00
   7.7749999999999986e-01                      inf   0.0000000000000000e+00
   7.8099999999999992e-01                      inf   0.0000000000000000e+00
   7.8449999999999998e-01                      inf   0.0000000000000000e+00
   7.8800000000000003e-01                      inf   0.0000000000000000e+00
   7.9149999999999987e-01                      inf   0.0000000000000000e+00
   7.9499999999999993e-01                      inf   0.0000000000000000e+00
   7.9849999999999999e-01                      inf   0.0000000000000000e+00
   8.0200000000000005e-01                      inf   0.0000000000000000e+00
   8.0549999999999988e-01                      inf   0.0000000000000000e+00
   8.0899999999999994e-01                      inf   0.0000000000000000e+00
   8.1250000000000000e-01                      inf   0.0000000000000000e+00
   8.1599999999999984e-01                      inf   0.0000000000000000e+00
   8.1949999999999990e-01                      inf   0.0000000000000000e+00
   8.2299999999999995e-01                      inf   0.0000000000000000e+00
   8.2650000000000001e-01                      inf   0.0000000000000000e+00
   8.2999999999999985e-01                      inf   0.0000000000000000e+00
   8.3349999999999991e-01                      inf   0.0000000000000000e+00
   8.3699999999999997e-01                      inf   0.0000000000000000e+00
   8.4050000000000002e-01                      inf   0.0000000000000000e+00
   8.4399999999999986e-01                      inf   0.0000000000000000e+00
   8.4749999999999992e-01                      inf   0.0000000000000000e+00
   8.5099999999999998e-01                      inf   0.0000000000000000e+00
   8.5450000000000004e-01                      inf   0.0000000000000000e+00
   8.5799999999999987e-01                      inf   0.0000000000000000e+00
   8.6149999999999993e-01                      inf   0.0000000000000000e+00
   8.6499999999999999e-01                      inf   0.0000000000000000e+00
   8.6850000000000005e-01                      inf   0.0000000000000000e+00
   8.7199999999999989e-01                      inf   0.0000000000000000e+00
   8.7549999999999994e-01                      inf   0.0000000000000000e+00
   8.7900000000000000e-01                      inf   0.0000000000000000e+00
   8.8249999999999984e-01                      inf   0.0000000000000000e+00
   8.8599999999999990e-01                      inf   0.0000000000000000e+00
   8.8949999999999996e-01                      inf   0.0000000000000000e+00
   8.9300000000000002e-01                      inf   0.0000000000000000e+00
   8.9649999999999985e-01                      inf   0.0000000000000000e+00
   8.9999999999999991e-01                      inf   0.0000000000000000e+00
