#! FIELDS dist fes_dist dfes_dist_dist
#! SET normalisation    1.0000000000000000e+00
#! SET min_dist 0.2
#! SET max_dist 0.9
#! SET nbins_dist  200
#! SET periodic_dist false
   2.0000000000000001e-01                      inf   0.0000000000000000e+00
   2.0350000000000001e-01                      inf   0.0000000000000000e+00
   2.0700000000000002e-01                      inf   0.0000000000000000e+00
   2.1050000000000002e-01                      inf   0.0000000000000000e+00
   2.1400000000000002e-01                      inf   0.0000000000000000e+00
   2.1750000000000000e-01                      inf   0.0000000000000000e+00
   2.2100000000000000e-01   6.2548486855961052e+01  -3.1158047648117777e+03
   2.2450000000000001e-01   5.1055645617352759e+01  -2.7455281585409830e+03
   2.2800000000000001e-01   4.1949737247751287e+01  -2.3542242022094570e+03
   2.3150000000000001e-01   3.4258582020911803e+01  -2.0174456110049357e+03
   2.3500000000000001e-01   2.7674616942821991e+01  -1.7459715625719793e+03
   2.3849999999999999e-01   2.1966292020267787e+01  -1.5181245421441722e+03
   2.4199999999999999e-01   1.7026679414701768e+01  -1.3051739268979049e+03
   2.4550000000000000e-01   1.2824358093239020e+01  -1.0963632252822213e+03
   2.4900000000000000e-01   9.3480374972113882e+00  -8.9139591753874242e+02
   2.5250000000000000e-01   6.5621843382499874e+00  -7.0588602533282312e+02
   2.5600000000000001e-01   4.3600413045371278e+00  -5.5888394064468696e+02
   2.5950000000000001e-01   2.6246313470521052e+00  -4.3292587224234711e+02
   2.6300000000000001e-01   1.3427660182278043e+00  -2.9768216853473672e+02
   2.6650000000000001e-01   5.3547013358118800e-01  -1.6777408946171229e+02
   2.7000000000000002e-01   1.2407239446140927e-01  -7.3612658309165880e+01
   2.7350000000000002e-01   0.0000000000000000e+00   3.7545291132116496e+00
   2.7700000000000002e-01   1.6073496755050964e-01   8.6389628183370718e+01
   2.8049999999999997e-01   5.5673037431192096e-01   1.3022130073912567e+02
   2.8400000000000003e-01   1.0264061403637958e+00   1.3669074805748306e+02
   2.8749999999999998e-01   1.5270613378493687e+00   1.5235471247419429e+02
   2.9100000000000004e-01   2.1111932928869495e+00   1.8310172823692642e+02
   2.9449999999999998e-01   2.8091149395610913e+00   2.1368779732864058e+02
   2.9799999999999999e-01   3.5889939942002478e+00   2.2944037392713184e+02
   3.0149999999999999e-01   4.3974749730562870e+00   2.2899044674051999e+02
   3.0499999999999999e-01   5.1727534474372039e+00   2.1432938972062132e+02
   3.0850000000000000e-01   5.9329707469360136e+00   2.2675215567327780e+02
   3.1200000000000000e-01   6.7812723023255757e+00   2.5470430362669620e+02
   3.1550000000000000e-01   7.6598706470845110e+00   2.3733468979667600e+02
   3.1900000000000001e-01   8.4062864488437050e+00   1.9158949753681048e+02
   3.2250000000000001e-01   9.0629314113521584e+00   1.9303019614844246e+02
   3.2600000000000001e-01   9.7748262039425313e+00   2.0710043502186488e+02
   3.2950000000000002e-01   1.0439647380779206e+01   1.6456707589902567e+02
   3.3299999999999996e-01   1.0930905718930084e+01   1.2352290355389545e+02
   3.3650000000000002e-01   1.1354646790880576e+01   1.2173393275888714e+02
   3.3999999999999997e-01   1.1778353029315214e+01   1.1765507691126133e+02
   3.4350000000000003e-01   1.2166181815085039e+01   1.0384844962815997e+02
   3.4699999999999998e-01   1.2516185111013611e+01   9.8181635316882733e+01
   3.5050000000000003e-01   1.2862922096467255e+01   9.9995113588967683e+01
   3.5399999999999998e-01   1.3205235530707215e+01   9.1666213497393983e+01
   3.5749999999999998e-01   1.3465720929657351e+01   5.2012736339468880e+01
   3.6099999999999999e-01   1.3567797358911566e+01   1.1990465651428128e+01
   3.6449999999999999e-01   1.3605305969716571e+01   1.4763284051913711e+01
   3.6799999999999999e-01   1.3665194089785153e+01   1.3915172286432826e+01
   3.7150000000000000e-01   1.3669039936996683e+01  -1.4344075887370336e+01
   3.7500000000000000e-01   1.3549232404843522e+01  -5.6669466524558210e+01
   3.7850000000000000e-01   1.3276579025306113e+01  -9.3671791886890759e+01
   3.8200000000000001e-01   1.2943292399345687e+01  -9.1738399359244454e+01
   3.8549999999999995e-01   1.2649341404663780e+01  -7.5320738518140644e+01
   3.8900000000000001e-01   1.2420815173016141e+01  -5.6226591816115892e+01
   3.9249999999999996e-01   1.2224933970161157e+01  -6.3067402780243881e+01
   3.9600000000000002e-01   1.1933889818582308e+01  -1.0586936241682076e+02
   3.9949999999999997e-01   1.1503555663969678e+01  -1.3348125874898258e+02
   4.0300000000000002e-01   1.1045061325720971e+01  -1.2405566913093301e+02
   4.0649999999999997e-01   1.0644813129812219e+01  -1.0616328328701509e+02
   4.0999999999999998e-01   1.0279051762474971e+01  -1.0718357118827825e+02
   4.1349999999999998e-01   9.8666790603143610e+00  -1.3044250096084997e+02
   4.1699999999999998e-01   9.3846260371202934e+00  -1.3763410193838345e+02
   4.2049999999999998e-01   8.9619743873658777e+00  -9.8310137963076826e+01
   4.2399999999999999e-01   8.6902334884424892e+00  -6.4118597758119407e+01
   4.2749999999999999e-01   8.4495688770120889e+00  -8.0628632764083477e+01
   4.3099999999999999e-01   8.1104202329897266e+00  -1.1083058300439636e+02
   4.3450000000000000e-01   7.7045498924634117e+00  -1.1621880397556606e+02
   4.3800000000000000e-01   7.3262317322249038e+00  -9.7220794485947110e+01
   4.4150000000000000e-01   7.0208712233193662e+00  -8.1663588270600215e+01
   4.4499999999999995e-01   6.7139993387356522e+00  -9.7415238312964945e+01
   4.4850000000000001e-01   6.3460489730475622e+00  -1.0870196537293607e+02
   4.5200000000000001e-01   5.9810931118361550e+00  -9.6523553666562577e+01
   4.5549999999999996e-01   5.6938260652783619e+00  -6.4815683336482920e+01
   4.5899999999999996e-01   5.5271439792898303e+00  -3.4275320536915849e+01
   4.6249999999999997e-01   5.4144015947264741e+00  -3.5018367930722221e+01
   4.6599999999999997e-01   5.2675926117378395e+00  -4.8834174334339245e+01
   4.6949999999999997e-01   5.0806772307522090e+00  -5.5365337354459619e+01
   4.7299999999999998e-01   4.9100590412010261e+00  -3.7784971870786784e+01
   4.7649999999999998e-01   4.8227794934409882e+00  -1.5891256517304610e+01
   4.7999999999999998e-01   4.7526438572808782e+00  -3.0396356742275842e+01
   4.8349999999999999e-01   4.5996483095401732e+00  -5.3515531635747891e+01
   4.8699999999999999e-01   4.4127456513482661e+00  -5.0027272243515114e+01
   4.9049999999999999e-01   4.2503384539407723e+00  -4.4591034648897143e+01
   4.9399999999999999e-01   4.0933924177718684e+00  -4.4560042315576233e+01
   4.9750000000000000e-01   3.9485566311713081e+00  -3.6904689195873097e+01
   5.0100000000000000e-01   3.8406291390697689e+00  -2.4044060955832748e+01
   5.0449999999999995e-01   3.7884473353999502e+00  -4.7476849503199565e+00
   5.0800000000000001e-01   3.8050116404143655e+00   1.1865944340755227e+01
   5.1149999999999995e-01   3.8423414513542991e+00   4.1459322032120136e+00
   5.1499999999999990e-01   3.8061135583332080e+00  -2.5550343784858871e+01
   5.1849999999999996e-01   3.6889872884381543e+00  -3.5382516919427353e+01
   5.2200000000000002e-01   3.5864749263693492e+00  -2.2755008563418734e+01
   5.2549999999999997e-01   3.5242809876377974e+00  -1.2136891490744786e+01
   5.2899999999999991e-01   3.5226710934918559e+00   1.4455521915762624e+01
   5.3249999999999997e-01   3.6251333165095811e+00   3.9481276269367463e+01
   5.3600000000000003e-01   3.7425987124486566e+00   1.9170928149139623e+01
   5.3949999999999998e-01   3.7438296863445633e+00  -1.2686710329595293e+01
   5.4299999999999993e-01   3.7124496541890624e+00  -3.5187912778024605e-01
   5.4649999999999999e-01   3.7290003776074050e+00   4.0732999441985847e+00
   5.5000000000000004e-01   3.7223543067375919e+00  -4.6822984623991184e+00
   5.5349999999999999e-01   3.7497629432645025e+00   2.8593569172023521e+01
   5.5699999999999994e-01   3.9470150403414870e+00   8.0933862604037131e+01
   5.6050000000000000e-01   4.2579424688487908e+00   8.6508654615987112e+01
   5.6400000000000006e-01   4.5015492993208177e+00   4.9291671987996608e+01
   5.6749999999999989e-01   4.6028870455651401e+00   1.1542364686811645e+01
   5.7099999999999995e-01   4.6196532240835140e+00   4.1929367832802207e+00
   5.7450000000000001e-01   4.6623839176465944e+00   2.1141183286634710e+01
   5.7799999999999996e-01   4.7501483345017617e+00   2.4523264505540745e+01
   5.8149999999999991e-01   4.8182963074369987e+00   1.6069686744751799e+01
   5.8499999999999996e-01   4.8863179543062358e+00   2.4185908640869311e+01
   5.8850000000000002e-01   4.9664014475072591e+00   1.5995737761006319e+01
   5.9199999999999997e-01   4.9806518108224971e+00  -5.4797353925020786e+00
   5.9549999999999992e-01   4.9589174525444815e+00  -4.3130251706572604e+00
   5.9899999999999998e-01   4.9476390749930612e+00  -3.2603520776181911e+00
   6.0250000000000004e-01   4.9478876589423670e+00   7.7723711009007976e+00
   6.0599999999999998e-01   5.0385913071149790e+00   4.8970093463805000e+01
   6.0949999999999993e-01   5.3116133596229851e+00   1.0612654009756535e+02
   6.1299999999999999e-01   5.7370671215349276e+00   1.2696294754199418e+02
   6.1650000000000005e-01   6.1553105859916446e+00   1.1300280050061087e+02
   6.1999999999999988e-01   6.5711079749374353e+00   1.3042756779996299e+02
   6.2349999999999994e-01   7.0811693843157633e+00   1.6060228177516311e+02
   6.2700000000000000e-01   7.7064012630071526e+00   2.0009108312163613e+02
   6.3049999999999995e-01   8.4949135482381806e+00   2.4816979117509973e+02
   6.3399999999999990e-01   9.4020765190819215e+00   2.6299060306162568e+02
   6.3749999999999996e-01   1.0313825505439016e+01   2.6053402951407929e+02
   6.4100000000000001e-01   1.1268772892372070e+01   2.9006160389003929e+02
   6.4449999999999996e-01   1.2342887914638897e+01   3.1932417095918606e+02
   6.4799999999999991e-01   1.3500806836553359e+01   3.4901705935369938e+02
   6.5149999999999997e-01   1.4863007921413860e+01   4.3715697764978057e+02
   6.5500000000000003e-01   1.6534399989049177e+01   4.9867560932503892e+02
   6.5849999999999997e-01   1.8160113911482149e+01   4.0657122628632351e+02
   6.6199999999999992e-01   1.9398354219957504e+01   3.2638051532357002e+02
   6.6549999999999998e-01   2.0640483391856915e+01   4.0123487859059298e+02
   6.6900000000000004e-01   2.2249535488548176e+01   5.1324897935171805e+02
   6.7249999999999999e-01   2.4168517722548057e+01   5.7330939296547024e+02
   6.7599999999999993e-01   2.6229869759856534e+01   6.0276001176068291e+02
   6.7949999999999999e-01   2.8368650483276017e+01   6.1401529547930022e+02
   6.8299999999999994e-01   3.0543429693281819e+01   6.3954541962281189e+02
   6.8649999999999989e-01   3.2970135026201973e+01   7.5989089935633967e+02
   6.8999999999999995e-01   3.5904667452989941e+01   9.1161614732466956e+02
   6.9350000000000001e-01   3.9333493037145963e+01   1.0477145261543178e+03
   6.9699999999999995e-01   4.3356957017938576e+01   1.2689615965636722e+03
   7.0049999999999990e-01   4.8445455704647152e+01   1.6407866376163013e+03
   7.0399999999999996e-01   5.5063623000546528e+01   2.1105294918011991e+03
   7.0750000000000002e-01   6.3426622704637794e+01   2.6287211236912567e+03
   7.1099999999999985e-01                      inf   0.0000000000000000e+00
   7.1449999999999991e-01                      inf   0.0000000000000000e+00
   7.1799999999999997e-01                      inf   0.0000000000000000e+00
   7.2150000000000003e-01                      inf   0.0000000000000000e+00
   7.2499999999999987e-01                      inf   0.0000000000000000e+00
   7.2849999999999993e-01                      inf   0.0000000000000000e+00
   7.3199999999999998e-01                      inf   0.0000000000000000e+00
   7.3550000000000004e-01                      inf   0.0000000000000000e+00
   7.3899999999999988e-01                      inf   0.0000000000000000e+00
   7.4249999999999994e-01                      inf   0.0000000000000000e+00
   7.4600000000000000e-01                      inf   0.0000000000000000e+00
   7.4950000000000006e-01                      inf   0.0000000000000000e+00
   7.5299999999999989e-01                      inf   0.0000000000000000e+00
   7.5649999999999995e-01                      inf   0.0000000000000000e+00
   7.6000000000000001e-01                      inf   0.0000000000000000e+00
   7.6349999999999985e-01                      inf   0.0000000000000000e+00
   7.6699999999999990e-01                      inf   0.0000000000000000e+00
   7.7049999999999996e-01                      inf   0.0000000000000000e+00
   7.7400000000000002e-01                      inf   0.0000000000000000e+00
   7.7749999999999986e-01                      inf   0.0000000000000000e+00
   7.8099999999999992e-01                      inf   0.0000000000000000e+00
   7.8449999999999998e-01                      inf   0.0000000000000000e+00
   7.8800000000000003e-01                      inf   0.0000000000000000e+00
   7.9149999999999987e-01                      inf   0.0000000000000000e+00
   7.9499999999999993e-01                      inf   0.0000000000000000e+00
   7.9849999999999999e-01                      inf   0.0000000000000000e+00
   8.0200000000000005e-01                      inf   0.0000000000000000e+00
   8.0549999999999988e-01                      inf   0.0000000000000000e+00
   8.0899999999999994e-01                      inf   0.0000000000000000e+00
   8.1250000000000000e-01                      inf   0.0000000000000000e+00
   8.1599999999999984e-01                      inf   0.0000000000000000e+00
   8.1949999999999990e-01                      inf   0.0000000000000000e+00
   8.2299999999999995e-01                      inf   0.0000000000000000e+00
   8.2650000000000001e-01                      inf   0.0000000000000000e+00
   8.2999999999999985e-01                      inf   0.0000000000000000e+00
   8.3349999999999991e-01                      inf   0.0000000000000000e+00
   8.3699999999999997e-01                      inf   0.0000000000000000e+00
   8.4050000000000002e-01                      inf   0.0000000000000000e+00
   8.4399999999999986e-01                      inf   0.0000000000000000e+00
   8.4749999999999992e-01                      inf   0.0000000000000000e+00
   8.5099999999999998e-01                      inf   0.0000000000000000e+00
   8.5450000000000004e-01                      inf   0.0000000000000000e+00
   8.5799999999999987e-01                      inf   0.0000000000000000e+00
   8.6149999999999993e-01                      inf   0.0000000000000000e+00
   8.6499999999999999e-01                      inf   0.0000000000000000e+00
   8.6850000000000005e-01                      inf   0.0000000000000000e+00
   8.7199999999999989e-01                      inf   0.0000000000000000e+00
   8.7549999999999994e-01                      inf   0.0000000000000000e+00
   8.7900000000000000e-01                      inf   0.0000000000000000e+00
   8.8249999999999984e-01                      inf   0.0000000000000000e+00
   8.8599999999999990e-01                      inf   0.0000000000000000e+00
   8.8949999999999996e-01                      inf   0.0000000000000000e+00
   8.9300000000000002e-01                      inf   0.0000000000000000e+00
   8.9649999999999985e-01                      inf   0.0000000000000000e+00
   8.9999999999999991e-01                      inf   0.0000000000000000e+00
