#! FIELDS dist targetdist
#! SET min_dist 0.2
#! SET max_dist 0.7
#! SET nbins_dist  301
#! SET periodic_dist false
    0.200000000    1.481553458
    0.201666667    1.406872687
    0.203333333    1.337537734
    0.205000000    1.273971823
    0.206666667    1.216330067
    0.208333333    1.164601888
    0.210000000    1.119151952
    0.211666667    1.080381915
    0.213333333    1.048487863
    0.215000000    1.023365659
    0.216666667    1.004569319
    0.218333333    0.991708423
    0.220000000    0.984441619
    0.221666667    0.982374807
    0.223333333    0.985134175
    0.225000000    0.992298588
    0.226666667    1.003440937
    0.228333333    1.018677456
    0.230000000    1.038534914
    0.231666667    1.063432561
    0.233333333    1.093900950
    0.235000000    1.130360837
    0.236666667    1.173056228
    0.238333333    1.222481428
    0.240000000    1.279008187
    0.241666667    1.342662919
    0.243333333    1.413219591
    0.245000000    1.490186730
    0.246666667    1.573260799
    0.248333333    1.662336705
    0.250000000    1.757065328
    0.251666667    1.856778568
    0.253333333    1.960079513
    0.255000000    2.064918344
    0.256666667    2.169237819
    0.258333333    2.270565616
    0.260000000    2.366053991
    0.261666667    2.452735846
    0.263333333    2.527295898
    0.265000000    2.587897821
    0.266666667    2.634273260
    0.268333333    2.666710421
    0.270000000    2.686205219
    0.271666667    2.693871658
    0.273333333    2.690538221
    0.275000000    2.677638612
    0.276666667    2.657020198
    0.278333333    2.630092300
    0.280000000    2.598145277
    0.281666667    2.562229424
    0.283333333    2.523498793
    0.285000000    2.483656451
    0.286666667    2.444250636
    0.288333333    2.406495080
    0.290000000    2.370962063
    0.291666667    2.337464643
    0.293333333    2.305743360
    0.295000000    2.275554272
    0.296666667    2.246529854
    0.298333333    2.218331420
    0.300000000    2.190452675
    0.301666667    2.162507117
    0.303333333    2.134640687
    0.305000000    2.107147113
    0.306666667    2.080334850
    0.308333333    2.054429049
    0.310000000    2.029338916
    0.311666667    2.005014049
    0.313333333    1.981506004
    0.315000000    1.958833447
    0.316666667    1.937039641
    0.318333333    1.916107936
    0.320000000    1.896001364
    0.321666667    1.876812459
    0.323333333    1.858670041
    0.325000000    1.841691009
    0.326666667    1.825906861
    0.328333333    1.811186276
    0.330000000    1.797369746
    0.331666667    1.784329443
    0.333333333    1.771913673
    0.335000000    1.759996194
    0.336666667    1.748450499
    0.338333333    1.737142713
    0.340000000    1.726054061
    0.341666667    1.715246519
    0.343333333    1.704781955
    0.345000000    1.694729942
    0.346666667    1.685128549
    0.348333333    1.675999330
    0.350000000    1.667389751
    0.351666667    1.659326131
    0.353333333    1.651800175
    0.355000000    1.644779153
    0.356666667    1.638227233
    0.358333333    1.632143483
    0.360000000    1.626560600
    0.361666667    1.621496631
    0.363333333    1.616967609
    0.365000000    1.612985216
    0.366666667    1.609539942
    0.368333333    1.606653048
    0.370000000    1.604348408
    0.371666667    1.602599027
    0.373333333    1.601385571
    0.375000000    1.600695658
    0.376666667    1.600548387
    0.378333333    1.601020349
    0.380000000    1.602192069
    0.381666667    1.604140859
    0.383333333    1.606917937
    0.385000000    1.610562043
    0.386666667    1.615133408
    0.388333333    1.620658857
    0.390000000    1.627103015
    0.391666667    1.634407143
    0.393333333    1.642481003
    0.395000000    1.651228802
    0.396666667    1.660612960
    0.398333333    1.670596466
    0.400000000    1.681102837
    0.401666667    1.692038514
    0.403333333    1.703266842
    0.405000000    1.714660872
    0.406666667    1.726112389
    0.408333333    1.737495665
    0.410000000    1.748691403
    0.411666667    1.759582161
    0.413333333    1.770084031
    0.415000000    1.780214464
    0.416666667    1.790052025
    0.418333333    1.799696149
    0.420000000    1.809241029
    0.421666667    1.818729830
    0.423333333    1.828223153
    0.425000000    1.837811342
    0.426666667    1.847604703
    0.428333333    1.857738552
    0.430000000    1.868319368
    0.431666667    1.879445196
    0.433333333    1.891243259
    0.435000000    1.903836726
    0.436666667    1.917353738
    0.438333333    1.931863683
    0.440000000    1.947285944
    0.441666667    1.963497668
    0.443333333    1.980359981
    0.445000000    1.997722561
    0.446666667    2.015492904
    0.448333333    2.033547928
    0.450000000    2.051727333
    0.451666667    2.069883536
    0.453333333    2.087860795
    0.455000000    2.105541085
    0.456666667    2.122823273
    0.458333333    2.139531547
    0.460000000    2.155475311
    0.461666667    2.170511658
    0.463333333    2.184561695
    0.465000000    2.197691190
    0.466666667    2.210023703
    0.468333333    2.221687600
    0.470000000    2.232818779
    0.471666667    2.243530356
    0.473333333    2.253980713
    0.475000000    2.264337527
    0.476666667    2.274690995
    0.478333333    2.285093241
    0.480000000    2.295565773
    0.481666667    2.306133565
    0.483333333    2.316916309
    0.485000000    2.328036187
    0.486666667    2.339574961
    0.488333333    2.351584293
    0.490000000    2.364023116
    0.491666667    2.376855010
    0.493333333    2.390069814
    0.495000000    2.403589792
    0.496666667    2.417312457
    0.498333333    2.431121930
    0.500000000    2.444914253
    0.501666667    2.458731700
    0.503333333    2.472681711
    0.505000000    2.486852794
    0.506666667    2.501322016
    0.508333333    2.516094872
    0.510000000    2.531161596
    0.511666667    2.546543526
    0.513333333    2.562182761
    0.515000000    2.577948394
    0.516666667    2.593653551
    0.518333333    2.609071409
    0.520000000    2.624073897
    0.521666667    2.638580008
    0.523333333    2.652484369
    0.525000000    2.665640793
    0.526666667    2.677755084
    0.528333333    2.688489718
    0.530000000    2.697602262
    0.531666667    2.704830413
    0.533333333    2.709906402
    0.535000000    2.712654137
    0.536666667    2.712884835
    0.538333333    2.710582495
    0.540000000    2.705983461
    0.541666667    2.699385883
    0.543333333    2.691118900
    0.545000000    2.681415724
    0.546666667    2.670481897
    0.548333333    2.658585400
    0.550000000    2.646014571
    0.551666667    2.633153585
    0.553333333    2.620370033
    0.555000000    2.607943175
    0.556666667    2.596178683
    0.558333333    2.585392897
    0.560000000    2.575882838
    0.561666667    2.567919256
    0.563333333    2.561511893
    0.565000000    2.556502611
    0.566666667    2.552696310
    0.568333333    2.549834014
    0.570000000    2.547797976
    0.571666667    2.546507334
    0.573333333    2.545769172
    0.575000000    2.545373503
    0.576666667    2.545057850
    0.578333333    2.544570762
    0.580000000    2.543769098
    0.581666667    2.542412130
    0.583333333    2.540173262
    0.585000000    2.536768527
    0.586666667    2.531971456
    0.588333333    2.525874259
    0.590000000    2.518802111
    0.591666667    2.511071263
    0.593333333    2.502994149
    0.595000000    2.494737224
    0.596666667    2.486430257
    0.598333333    2.478333770
    0.600000000    2.470595113
    0.601666667    2.463217554
    0.603333333    2.456124068
    0.605000000    2.449115302
    0.606666667    2.442250965
    0.608333333    2.435797856
    0.610000000    2.429897889
    0.611666667    2.424588996
    0.613333333    2.419488847
    0.615000000    2.413989116
    0.616666667    2.407698869
    0.618333333    2.400152261
    0.620000000    2.390767198
    0.621666667    2.378999915
    0.623333333    2.364188307
    0.625000000    2.346285183
    0.626666667    2.325899638
    0.628333333    2.303671722
    0.630000000    2.280282144
    0.631666667    2.255992746
    0.633333333    2.230672974
    0.635000000    2.204487773
    0.636666667    2.177578864
    0.638333333    2.149883274
    0.640000000    2.121278414
    0.641666667    2.091233226
    0.643333333    2.059512522
    0.645000000    2.026585500
    0.646666667    1.992863677
    0.648333333    1.958619959
    0.650000000    1.923339844
    0.651666667    1.885596761
    0.653333333    1.844384230
    0.655000000    1.798995721
    0.656666667    1.748875142
    0.658333333    1.694136550
    0.660000000    1.634711261
    0.661666667    1.571050364
    0.663333333    1.504891169
    0.665000000    1.438219308
    0.666666667    1.373080992
    0.668333333    1.310966104
    0.670000000    1.252387689
    0.671666667    1.197911927
    0.673333333    1.148264602
    0.675000000    1.104324646
    0.676666667    1.067228099
    0.678333333    1.037699375
    0.680000000    1.016271010
    0.681666667    1.003694750
    0.683333333    1.000766032
    0.685000000    1.008618403
    0.686666667    1.027801743
    0.688333333    1.058053420
    0.690000000    1.098994331
    0.691666667    1.149942572
    0.693333333    1.210375230
    0.695000000    1.280305175
    0.696666667    1.359278834
    0.698333333    1.446224733
    0.700000000    1.539849939
